  0.000000E+000  0.000000E+000
  0.135270E+001  0.214284E+001
  0.135530E+001  0.214661E+001
  0.135791E+001  0.215037E+001
  0.136051E+001  0.215413E+001
  0.136311E+001  0.215790E+001
  0.136571E+001  0.216165E+001
  0.136832E+001  0.216541E+001
  0.137092E+001  0.216916E+001
  0.137352E+001  0.217291E+001
  0.137613E+001  0.217666E+001
  0.137873E+001  0.218041E+001
  0.138133E+001  0.218415E+001
  0.138394E+001  0.218789E+001
  0.138654E+001  0.219163E+001
  0.138914E+001  0.219537E+001
  0.139174E+001  0.219910E+001
  0.139435E+001  0.220283E+001
  0.139695E+001  0.220656E+001
  0.139955E+001  0.221029E+001
  0.140216E+001  0.221401E+001
  0.140476E+001  0.221774E+001
  0.140736E+001  0.222146E+001
  0.140997E+001  0.222517E+001
  0.141257E+001  0.222889E+001
  0.141517E+001  0.223260E+001
  0.141777E+001  0.223631E+001
  0.142038E+001  0.224002E+001
  0.142298E+001  0.224373E+001
  0.142558E+001  0.224743E+001
  0.142819E+001  0.225113E+001
  0.143079E+001  0.225483E+001
  0.143339E+001  0.225853E+001
  0.143600E+001  0.226223E+001
  0.143860E+001  0.226592E+001
  0.144120E+001  0.226961E+001
  0.144380E+001  0.227330E+001
  0.144641E+001  0.227699E+001
  0.144901E+001  0.228067E+001
  0.145161E+001  0.228436E+001
  0.145422E+001  0.228804E+001
  0.145682E+001  0.229172E+001
  0.145942E+001  0.229539E+001
  0.146203E+001  0.229907E+001
  0.146463E+001  0.230274E+001
  0.146723E+001  0.230641E+001
  0.146983E+001  0.231008E+001
  0.147244E+001  0.231374E+001
  0.147504E+001  0.231741E+001
  0.147764E+001  0.232107E+001
  0.148025E+001  0.232473E+001
  0.148285E+001  0.232839E+001
  0.148545E+001  0.233205E+001
  0.148806E+001  0.233570E+001
  0.149066E+001  0.233936E+001
  0.149326E+001  0.234301E+001
  0.149586E+001  0.234666E+001
  0.149847E+001  0.235030E+001
  0.150107E+001  0.235395E+001
  0.150367E+001  0.235759E+001
  0.150628E+001  0.236123E+001
  0.150888E+001  0.236487E+001
  0.151148E+001  0.236851E+001
  0.151409E+001  0.237215E+001
  0.151669E+001  0.237578E+001
  0.151929E+001  0.237942E+001
  0.152189E+001  0.238305E+001
  0.152450E+001  0.238668E+001
  0.152710E+001  0.239030E+001
  0.152970E+001  0.239393E+001
  0.153231E+001  0.239755E+001
  0.153491E+001  0.240117E+001
  0.153751E+001  0.240479E+001
  0.154012E+001  0.240841E+001
  0.154272E+001  0.241203E+001
  0.154532E+001  0.241564E+001
  0.154792E+001  0.241926E+001
  0.155053E+001  0.242287E+001
  0.155313E+001  0.242648E+001
  0.155573E+001  0.243009E+001
  0.155834E+001  0.243369E+001
  0.156094E+001  0.243730E+001
  0.156354E+001  0.244090E+001
  0.156615E+001  0.244450E+001
  0.156875E+001  0.244810E+001
  0.157135E+001  0.245170E+001
  0.157395E+001  0.245530E+001
  0.157656E+001  0.245889E+001
  0.157916E+001  0.246249E+001
  0.158176E+001  0.246608E+001
  0.158437E+001  0.246967E+001
  0.158697E+001  0.247326E+001
  0.158957E+001  0.247685E+001
  0.159218E+001  0.248043E+001
  0.159478E+001  0.248402E+001
  0.159738E+001  0.248760E+001
  0.159998E+001  0.249118E+001
  0.160259E+001  0.249476E+001
  0.160519E+001  0.249834E+001
  0.160779E+001  0.250192E+001
