
  0.452252E+000  0.731613E-001
  0.453704E+000  0.105380E+000
  0.455156E+000  0.129873E+000
  0.456608E+000  0.150455E+000
  0.458060E+000  0.168564E+000
  0.459512E+000  0.184926E+000
  0.460964E+000  0.199969E+000
  0.462416E+000  0.213973E+000
  0.463868E+000  0.227129E+000
  0.465320E+000  0.239577E+000
  0.466772E+000  0.251421E+000
  0.468224E+000  0.262744E+000
  0.469676E+000  0.273609E+000
  0.471128E+000  0.284070E+000
  0.472580E+000  0.294170E+000
  0.474032E+000  0.303944E+000
  0.475484E+000  0.313422E+000
  0.476936E+000  0.322632E+000
  0.478388E+000  0.331595E+000
  0.479840E+000  0.340331E+000
  0.481292E+000  0.348856E+000
  0.482744E+000  0.357187E+000
  0.484196E+000  0.365335E+000
  0.485648E+000  0.373314E+000
  0.487100E+000  0.381133E+000
  0.488552E+000  0.388802E+000
  0.490004E+000  0.396331E+000
  0.491456E+000  0.403726E+000
  0.492908E+000  0.410995E+000
  0.494360E+000  0.418145E+000
  0.495812E+000  0.425181E+000
  0.497264E+000  0.432110E+000
  0.498716E+000  0.438935E+000
  0.500168E+000  0.445663E+000
  0.501620E+000  0.452297E+000
  0.503072E+000  0.458841E+000
  0.504524E+000  0.465299E+000
  0.505976E+000  0.471675E+000
  0.507428E+000  0.477972E+000
  0.508880E+000  0.484193E+000
  0.510332E+000  0.490340E+000
  0.511784E+000  0.496417E+000
  0.513236E+000  0.502427E+000
  0.514688E+000  0.508371E+000
  0.516140E+000  0.514251E+000
  0.517592E+000  0.520071E+000
  0.519044E+000  0.525831E+000
  0.520496E+000  0.531534E+000
  0.521948E+000  0.537182E+000
  0.523400E+000  0.542777E+000
  0.524852E+000  0.548319E+000
  0.526304E+000  0.553811E+000
  0.527756E+000  0.559254E+000
  0.529208E+000  0.564649E+000
  0.530660E+000  0.569999E+000
  0.532112E+000  0.575303E+000
  0.533564E+000  0.580563E+000
  0.535016E+000  0.585781E+000
  0.536468E+000  0.590958E+000
  0.537920E+000  0.596094E+000
  0.539372E+000  0.601191E+000
  0.540824E+000  0.606250E+000
  0.542276E+000  0.611271E+000
  0.543728E+000  0.616256E+000
  0.545180E+000  0.621206E+000
  0.546632E+000  0.626120E+000
  0.548084E+000  0.631001E+000
  0.549536E+000  0.635848E+000
  0.550988E+000  0.640663E+000
  0.552440E+000  0.645446E+000
  0.553892E+000  0.650199E+000
  0.555344E+000  0.654921E+000
  0.556796E+000  0.659613E+000
  0.558248E+000  0.664276E+000
  0.559700E+000  0.668911E+000
  0.561152E+000  0.673518E+000
  0.562604E+000  0.678097E+000
  0.564056E+000  0.682650E+000
  0.565508E+000  0.687176E+000
  0.566960E+000  0.691677E+000
  0.568412E+000  0.696153E+000
  0.569864E+000  0.700604E+000
  0.571316E+000  0.705030E+000
  0.572768E+000  0.709433E+000
  0.574220E+000  0.713812E+000
  0.575672E+000  0.718168E+000
  0.577124E+000  0.722502E+000
  0.578576E+000  0.726814E+000
  0.580028E+000  0.731104E+000
  0.581480E+000  0.735372E+000
  0.582932E+000  0.739620E+000
  0.584384E+000  0.743846E+000
  0.585836E+000  0.748053E+000
  0.587288E+000  0.752239E+000
  0.588740E+000  0.756406E+000
  0.590192E+000  0.760553E+000
  0.591644E+000  0.764682E+000
  0.593096E+000  0.768791E+000
  0.594548E+000  0.772883E+000
  0.596000E+000  0.776956E+000
0.599059E+000  0.785479E+000
  0.602118E+000  0.793925E+000
  0.605177E+000  0.802297E+000
  0.608236E+000  0.810597E+000
  0.611295E+000  0.818827E+000
  0.614354E+000  0.826989E+000
  0.617413E+000  0.835085E+000
  0.620472E+000  0.843117E+000
  0.623531E+000  0.851088E+000
  0.626590E+000  0.858997E+000
  0.629649E+000  0.866848E+000
  0.632708E+000  0.874642E+000
  0.635767E+000  0.882380E+000
  0.638826E+000  0.890063E+000
  0.641885E+000  0.897694E+000
  0.644944E+000  0.905273E+000
  0.648003E+000  0.912802E+000
  0.651062E+000  0.920281E+000
  0.654121E+000  0.927713E+000
  0.657180E+000  0.935098E+000
  0.660239E+000  0.942437E+000
  0.663298E+000  0.949731E+000
  0.666357E+000  0.956982E+000
  0.669416E+000  0.964190E+000
  0.672475E+000  0.971357E+000
  0.675534E+000  0.978482E+000
  0.678593E+000  0.985568E+000
  0.681652E+000  0.992614E+000
  0.684711E+000  0.999622E+000
  0.687770E+000  0.100659E+001
  0.690829E+000  0.101353E+001
  0.693888E+000  0.102042E+001
  0.696947E+000  0.102729E+001
  0.700006E+000  0.103412E+001
  0.703065E+000  0.104091E+001
  0.706124E+000  0.104767E+001
  0.709183E+000  0.105440E+001
  0.712242E+000  0.106110E+001
  0.715301E+000  0.106776E+001
  0.718360E+000  0.107439E+001
  0.721419E+000  0.108100E+001
  0.724478E+000  0.108757E+001
  0.727537E+000  0.109412E+001
  0.730596E+000  0.110063E+001
  0.733655E+000  0.110712E+001
  0.736714E+000  0.111358E+001
  0.739773E+000  0.112002E+001
  0.742832E+000  0.112642E+001
  0.745891E+000  0.113280E+001
  0.748950E+000  0.113916E+001
  0.752009E+000  0.114549E+001
  0.755068E+000  0.115179E+001
  0.758127E+000  0.115807E+001
  0.761186E+000  0.116432E+001
  0.764245E+000  0.117055E+001
  0.767304E+000  0.117676E+001
  0.770363E+000  0.118295E+001
  0.773422E+000  0.118911E+001
  0.776481E+000  0.119525E+001
  0.779540E+000  0.120137E+001
  0.782599E+000  0.120746E+001
  0.785658E+000  0.121354E+001
  0.788717E+000  0.121959E+001
  0.791776E+000  0.122562E+001
  0.794835E+000  0.123164E+001
  0.797894E+000  0.123763E+001
  0.800953E+000  0.124360E+001
  0.804012E+000  0.124955E+001
  0.807071E+000  0.125549E+001
  0.810130E+000  0.126140E+001
  0.813189E+000  0.126730E+001
  0.816248E+000  0.127317E+001
  0.819307E+000  0.127903E+001
  0.822366E+000  0.128487E+001
  0.825425E+000  0.129070E+001
  0.828484E+000  0.129650E+001
  0.831543E+000  0.130229E+001
  0.834602E+000  0.130806E+001
  0.837661E+000  0.131382E+001
  0.840720E+000  0.131956E+001
  0.843779E+000  0.132528E+001
  0.846838E+000  0.133098E+001
  0.849897E+000  0.133667E+001
  0.852956E+000  0.134235E+001
  0.856015E+000  0.134800E+001
  0.859074E+000  0.135365E+001
  0.862133E+000  0.135928E+001
  0.865192E+000  0.136489E+001
  0.868251E+000  0.137049E+001
  0.871310E+000  0.137607E+001
  0.874369E+000  0.138164E+001
  0.877428E+000  0.138719E+001
  0.880487E+000  0.139273E+001
  0.883546E+000  0.139826E+001
  0.886605E+000  0.140377E+001
  0.889664E+000  0.140927E+001
  0.892723E+000  0.141476E+001
  0.895782E+000  0.142023E+001
  0.898841E+000  0.142569E+001
 
  0.906408E+000  0.143914E+001
  0.910916E+000  0.144712E+001
  0.915424E+000  0.145507E+001
  0.919932E+000  0.146299E+001
  0.924440E+000  0.147088E+001
  0.928948E+000  0.147876E+001
  0.933456E+000  0.148660E+001
  0.937964E+000  0.149442E+001
  0.942472E+000  0.150222E+001
  0.946980E+000  0.150999E+001
  0.951488E+000  0.151774E+001
  0.955996E+000  0.152547E+001
  0.960504E+000  0.153317E+001
  0.965012E+000  0.154085E+001
  0.969520E+000  0.154851E+001
  0.974028E+000  0.155614E+001
  0.978536E+000  0.156376E+001
  0.983044E+000  0.157135E+001
  0.987552E+000  0.157892E+001
  0.992060E+000  0.158647E+001
  0.996568E+000  0.159401E+001
  0.100108E+001  0.160152E+001
  0.100558E+001  0.160901E+001
  0.101009E+001  0.161648E+001
  0.101460E+001  0.162393E+001
  0.101911E+001  0.163137E+001
  0.102362E+001  0.163878E+001
  0.102812E+001  0.164618E+001
  0.103263E+001  0.165356E+001
  0.103714E+001  0.166092E+001
  0.104165E+001  0.166827E+001
  0.104616E+001  0.167559E+001
  0.105066E+001  0.168290E+001
  0.105517E+001  0.169019E+001
  0.105968E+001  0.169747E+001
  0.106419E+001  0.170473E+001
  0.106870E+001  0.171197E+001
  0.107320E+001  0.171920E+001
  0.107771E+001  0.172641E+001
  0.108222E+001  0.173360E+001
  0.108673E+001  0.174078E+001
  0.109124E+001  0.174795E+001
  0.109574E+001  0.175510E+001
  0.110025E+001  0.176223E+001
  0.110476E+001  0.176935E+001
  0.110927E+001  0.177646E+001
  0.111378E+001  0.178355E+001
  0.111828E+001  0.179063E+001
  0.112279E+001  0.179769E+001
  0.112730E+001  0.180474E+001
  0.113181E+001  0.181178E+001
  0.113632E+001  0.181880E+001
  0.114082E+001  0.182581E+001
  0.114533E+001  0.183281E+001
  0.114984E+001  0.183979E+001
  0.115435E+001  0.184676E+001
  0.115886E+001  0.185372E+001
  0.116336E+001  0.186067E+001
  0.116787E+001  0.186760E+001
  0.117238E+001  0.187452E+001
  0.117689E+001  0.188143E+001
  0.118140E+001  0.188833E+001
  0.118590E+001  0.189522E+001
  0.119041E+001  0.190209E+001
  0.119492E+001  0.190895E+001
  0.119943E+001  0.191580E+001
  0.120394E+001  0.192264E+001
  0.120844E+001  0.192947E+001
  0.121295E+001  0.193629E+001
  0.121746E+001  0.194310E+001
  0.122197E+001  0.194990E+001
  0.122648E+001  0.195668E+001
  0.123098E+001  0.196346E+001
  0.123549E+001  0.197022E+001
  0.124000E+001  0.197698E+001
  0.124451E+001  0.198372E+001
  0.124902E+001  0.199046E+001
  0.125352E+001  0.199718E+001
  0.125803E+001  0.200390E+001
  0.126254E+001  0.201060E+001
  0.126705E+001  0.201730E+001
  0.127156E+001  0.202399E+001
  0.127606E+001  0.203066E+001
  0.128057E+001  0.203733E+001
  0.128508E+001  0.204399E+001
  0.128959E+001  0.205064E+001
  0.129410E+001  0.205728E+001
  0.129860E+001  0.206391E+001
  0.130311E+001  0.207054E+001
  0.130762E+001  0.207715E+001
  0.131213E+001  0.208376E+001
  0.131664E+001  0.209035E+001
  0.132114E+001  0.209694E+001
  0.132565E+001  0.210352E+001
  0.133016E+001  0.211010E+001
  0.133467E+001  0.211666E+001
  0.133918E+001  0.212322E+001
  0.134368E+001  0.212976E+001
  0.134819E+001  0.213630E+001
  
  0.135270E+001  0.214284E+001
  0.135530E+001  0.214661E+001
  0.135791E+001  0.215037E+001
  0.136051E+001  0.215413E+001
  0.136311E+001  0.215790E+001
  0.136571E+001  0.216165E+001
  0.136832E+001  0.216541E+001
  0.137092E+001  0.216916E+001
  0.137352E+001  0.217291E+001
  0.137613E+001  0.217666E+001
  0.137873E+001  0.218041E+001
  0.138133E+001  0.218415E+001
  0.138394E+001  0.218789E+001
  0.138654E+001  0.219163E+001
  0.138914E+001  0.219537E+001
  0.139174E+001  0.219910E+001
  0.139435E+001  0.220283E+001
  0.139695E+001  0.220656E+001
  0.139955E+001  0.221029E+001
  0.140216E+001  0.221401E+001
  0.140476E+001  0.221774E+001
  0.140736E+001  0.222146E+001
  0.140997E+001  0.222517E+001
  0.141257E+001  0.222889E+001
  0.141517E+001  0.223260E+001
  0.141777E+001  0.223631E+001
  0.142038E+001  0.224002E+001
  0.142298E+001  0.224373E+001
  0.142558E+001  0.224743E+001
  0.142819E+001  0.225113E+001
  0.143079E+001  0.225483E+001
  0.143339E+001  0.225853E+001
  0.143600E+001  0.226223E+001
  0.143860E+001  0.226592E+001
  0.144120E+001  0.226961E+001
  0.144380E+001  0.227330E+001
  0.144641E+001  0.227699E+001
  0.144901E+001  0.228067E+001
  0.145161E+001  0.228436E+001
  0.145422E+001  0.228804E+001
  0.145682E+001  0.229172E+001
  0.145942E+001  0.229539E+001
  0.146203E+001  0.229907E+001
  0.146463E+001  0.230274E+001
  0.146723E+001  0.230641E+001
  0.146983E+001  0.231008E+001
  0.147244E+001  0.231374E+001
  0.147504E+001  0.231741E+001
  0.147764E+001  0.232107E+001
  0.148025E+001  0.232473E+001
  0.148285E+001  0.232839E+001
  0.148545E+001  0.233205E+001
  0.148806E+001  0.233570E+001
  0.149066E+001  0.233936E+001
  0.149326E+001  0.234301E+001
  0.149586E+001  0.234666E+001
  0.149847E+001  0.235030E+001
  0.150107E+001  0.235395E+001
  0.150367E+001  0.235759E+001
  0.150628E+001  0.236123E+001
  0.150888E+001  0.236487E+001
  0.151148E+001  0.236851E+001
  0.151409E+001  0.237215E+001
  0.151669E+001  0.237578E+001
  0.151929E+001  0.237942E+001
  0.152189E+001  0.238305E+001
  0.152450E+001  0.238668E+001
  0.152710E+001  0.239030E+001
  0.152970E+001  0.239393E+001
  0.153231E+001  0.239755E+001
  0.153491E+001  0.240117E+001
  0.153751E+001  0.240479E+001
  0.154012E+001  0.240841E+001
  0.154272E+001  0.241203E+001
  0.154532E+001  0.241564E+001
  0.154792E+001  0.241926E+001
  0.155053E+001  0.242287E+001
  0.155313E+001  0.242648E+001
  0.155573E+001  0.243009E+001
  0.155834E+001  0.243369E+001
  0.156094E+001  0.243730E+001
  0.156354E+001  0.244090E+001
  0.156615E+001  0.244450E+001
  0.156875E+001  0.244810E+001
  0.157135E+001  0.245170E+001
  0.157395E+001  0.245530E+001
  0.157656E+001  0.245889E+001
  0.157916E+001  0.246249E+001
  0.158176E+001  0.246608E+001
  0.158437E+001  0.246967E+001
  0.158697E+001  0.247326E+001
  0.158957E+001  0.247685E+001
  0.159218E+001  0.248043E+001
  0.159478E+001  0.248402E+001
  0.159738E+001  0.248760E+001
  0.159998E+001  0.249118E+001
  0.160259E+001  0.249476E+001
  0.160519E+001  0.249834E+001
  0.160779E+001  0.250192E+001
0.161300E+001  0.250967E+001
  0.161480E+001  0.251316E+001
  0.161660E+001  0.251400E+001
  0.161840E+001  0.251647E+001
  0.162020E+001  0.251894E+001
  0.162200E+001  0.252141E+001
  0.162380E+001  0.252388E+001
  0.162560E+001  0.252634E+001
  0.162740E+001  0.252881E+001
  0.162920E+001  0.253127E+001
  0.163100E+001  0.253374E+001
  0.163280E+001  0.253620E+001
  0.163460E+001  0.253866E+001
  0.163640E+001  0.254112E+001
  0.163820E+001  0.254359E+001
  0.164000E+001  0.254605E+001
  0.164180E+001  0.254851E+001
  0.164360E+001  0.255097E+001
  0.164540E+001  0.255342E+001
  0.164720E+001  0.255588E+001
  0.164900E+001  0.255834E+001
  0.165080E+001  0.256080E+001
  0.165260E+001  0.256325E+001
  0.165440E+001  0.256571E+001
  0.165620E+001  0.256816E+001
  0.165800E+001  0.257062E+001
  0.165980E+001  0.257307E+001
  0.166160E+001  0.257552E+001
  0.166340E+001  0.257798E+001
  0.166520E+001  0.258043E+001
  0.166700E+001  0.258288E+001
  0.166880E+001  0.258533E+001
  0.167060E+001  0.258778E+001
  0.167240E+001  0.259023E+001
  0.167420E+001  0.259268E+001
  0.167600E+001  0.259512E+001
  0.167780E+001  0.259757E+001
  0.167960E+001  0.260002E+001
  0.168140E+001  0.260246E+001
  0.168320E+001  0.260491E+001
  0.168500E+001  0.260735E+001
  0.168680E+001  0.260980E+001
  0.168860E+001  0.261224E+001
  0.169040E+001  0.261468E+001
  0.169220E+001  0.261712E+001
  0.169400E+001  0.261957E+001
  0.169580E+001  0.262201E+001
  0.169760E+001  0.262445E+001
  0.169940E+001  0.262689E+001
  0.170120E+001  0.262933E+001
  0.170300E+001  0.263177E+001
  0.170480E+001  0.263420E+001
  0.170660E+001  0.263664E+001
  0.170840E+001  0.263908E+001
  0.171020E+001  0.264151E+001
  0.171200E+001  0.264395E+001
  0.171380E+001  0.264638E+001
  0.171560E+001  0.264882E+001
  0.171740E+001  0.265125E+001
  0.171920E+001  0.265369E+001
  0.172100E+001  0.265612E+001
  0.172280E+001  0.265855E+001
  0.172460E+001  0.266098E+001
  0.172640E+001  0.266341E+001
  0.172820E+001  0.266584E+001
  0.173000E+001  0.266827E+001
  0.173180E+001  0.267070E+001
  0.173360E+001  0.267313E+001
  0.173540E+001  0.267556E+001
  0.173720E+001  0.267799E+001
  0.173900E+001  0.268042E+001
  0.174080E+001  0.268284E+001
  0.174260E+001  0.268527E+001
  0.174440E+001  0.268769E+001
  0.174620E+001  0.269012E+001
  0.174800E+001  0.269254E+001
  0.174980E+001  0.269497E+001
  0.175160E+001  0.269739E+001
  0.175340E+001  0.269981E+001
  0.175520E+001  0.270224E+001
  0.175700E+001  0.270466E+001
  0.175880E+001  0.270708E+001
  0.176060E+001  0.270950E+001
  0.176240E+001  0.271192E+001
  0.176420E+001  0.271434E+001
  0.176600E+001  0.271676E+001
  0.176780E+001  0.271918E+001
  0.176960E+001  0.272159E+001
  0.177140E+001  0.272401E+001
  0.177320E+001  0.272643E+001
  0.177500E+001  0.272884E+001
  0.177680E+001  0.273126E+001
  0.177860E+001  0.273368E+001
  0.178040E+001  0.273609E+001
  0.178220E+001  0.273851E+001
  0.178400E+001  0.274092E+001
  0.178580E+001  0.274333E+001
  0.178760E+001  0.274575E+001
  0.178940E+001  0.274816E+001
  0.179120E+001  0.284091E+001
  0.179300E+001  0.284412E+001



