  0.000000E+000  0.000000E+000  0.000000E+000  0.000000E+000
  0.596000E+000  0.776956E+000  0.100000E+001  0.715432E-002
  0.599059E+000  0.780901E+000  0.200000E+001  0.118908E-002
  0.602118E+000  0.784910E+000  0.200000E+001  0.118478E-002
  0.605177E+000  0.788920E+000  0.200000E+001  0.117908E-002
  0.608236E+000  0.792929E+000  0.200000E+001  0.117322E-002
  0.611295E+000  0.796938E+000  0.200000E+001  0.116736E-002
  0.614354E+000  0.800947E+000  0.200000E+001  0.116153E-002
  0.617413E+000  0.804956E+000  0.200000E+001  0.115574E-002
  0.620472E+000  0.808965E+000  0.200000E+001  0.115001E-002
  0.623531E+000  0.812975E+000  0.200000E+001  0.114432E-002
  0.626590E+000  0.816984E+000  0.200000E+001  0.113869E-002
  0.629649E+000  0.820993E+000  0.200000E+001  0.113311E-002
  0.632708E+000  0.825002E+000  0.200000E+001  0.112759E-002
  0.635767E+000  0.829011E+000  0.200000E+001  0.112212E-002
  0.638826E+000  0.833020E+000  0.200000E+001  0.111670E-002
  0.641885E+000  0.837030E+000  0.200000E+001  0.111133E-002
  0.644944E+000  0.841039E+000  0.200000E+001  0.110600E-002
  0.648003E+000  0.845048E+000  0.200000E+001  0.110073E-002
  0.651062E+000  0.849057E+000  0.200000E+001  0.109551E-002
  0.654121E+000  0.853066E+000  0.200000E+001  0.109034E-002
  0.657180E+000  0.857075E+000  0.200000E+001  0.108521E-002
  0.660239E+000  0.861084E+000  0.200000E+001  0.108013E-002
  0.663298E+000  0.865094E+000  0.200000E+001  0.107510E-002
  0.666357E+000  0.869103E+000  0.200000E+001  0.107011E-002
  0.669416E+000  0.873112E+000  0.200000E+001  0.106517E-002
  0.672475E+000  0.877121E+000  0.200000E+001  0.106027E-002
  0.675534E+000  0.881130E+000  0.200000E+001  0.105542E-002
  0.678593E+000  0.885139E+000  0.200000E+001  0.105060E-002
  0.681652E+000  0.889148E+000  0.200000E+001  0.104584E-002
  0.684711E+000  0.893158E+000  0.200000E+001  0.104111E-002
  0.687770E+000  0.897167E+000  0.200000E+001  0.103642E-002
  0.690829E+000  0.901176E+000  0.200000E+001  0.103178E-002
  0.693888E+000  0.905185E+000  0.200000E+001  0.102718E-002
  0.696947E+000  0.909194E+000  0.200000E+001  0.102261E-002
  0.700006E+000  0.913203E+000  0.200000E+001  0.101809E-002
  0.703065E+000  0.917212E+000  0.200000E+001  0.101360E-002
  0.706124E+000  0.921221E+000  0.200000E+001  0.100915E-002
  0.709183E+000  0.925231E+000  0.200000E+001  0.100474E-002
  0.712242E+000  0.929240E+000  0.200000E+001  0.100037E-002
  0.715301E+000  0.933249E+000  0.200000E+001  0.996032E-003
  0.718360E+000  0.937258E+000  0.200000E+001  0.991732E-003
  0.721419E+000  0.941267E+000  0.200000E+001  0.987467E-003
  0.724478E+000  0.945276E+000  0.200000E+001  0.983238E-003
  0.727537E+000  0.949285E+000  0.200000E+001  0.979044E-003
  0.730596E+000  0.953294E+000  0.200000E+001  0.974884E-003
  0.733655E+000  0.957304E+000  0.200000E+001  0.970758E-003
  0.736714E+000  0.961313E+000  0.200000E+001  0.966666E-003
  0.739773E+000  0.965322E+000  0.200000E+001  0.962606E-003
  0.742832E+000  0.969331E+000  0.200000E+001  0.958580E-003
  0.745891E+000  0.973340E+000  0.200000E+001  0.954585E-003
  0.748950E+000  0.977349E+000  0.200000E+001  0.950623E-003
  0.752009E+000  0.981358E+000  0.200000E+001  0.946691E-003
  0.755068E+000  0.985367E+000  0.200000E+001  0.942791E-003
  0.758127E+000  0.989376E+000  0.200000E+001  0.938922E-003
  0.761186E+000  0.993385E+000  0.200000E+001  0.935083E-003
  0.764245E+000  0.997395E+000  0.200000E+001  0.931273E-003
  0.767304E+000  0.100140E+001  0.200000E+001  0.927493E-003
  0.770363E+000  0.100541E+001  0.200000E+001  0.923742E-003
  0.773422E+000  0.100942E+001  0.200000E+001  0.920020E-003
  0.776481E+000  0.101343E+001  0.200000E+001  0.916327E-003
  0.779540E+000  0.101744E+001  0.200000E+001  0.912661E-003
  0.782599E+000  0.102145E+001  0.200000E+001  0.909023E-003
  0.785658E+000  0.102546E+001  0.200000E+001  0.905412E-003
  0.788717E+000  0.102947E+001  0.200000E+001  0.901829E-003
  0.791776E+000  0.103348E+001  0.200000E+001  0.898272E-003
  0.794835E+000  0.103749E+001  0.200000E+001  0.894741E-003
  0.797894E+000  0.104149E+001  0.200000E+001  0.891237E-003
  0.800953E+000  0.104550E+001  0.200000E+001  0.887758E-003
  0.804012E+000  0.104951E+001  0.200000E+001  0.884304E-003
  0.807071E+000  0.105352E+001  0.200000E+001  0.880876E-003
  0.810130E+000  0.105753E+001  0.200000E+001  0.877472E-003
  0.813189E+000  0.106154E+001  0.200000E+001  0.874093E-003
  0.816248E+000  0.106555E+001  0.200000E+001  0.870737E-003
  0.819307E+000  0.106956E+001  0.200000E+001  0.867406E-003
  0.822366E+000  0.107357E+001  0.200000E+001  0.864098E-003
  0.825425E+000  0.107758E+001  0.200000E+001  0.860814E-003
  0.828484E+000  0.108159E+001  0.200000E+001  0.857552E-003
  0.831543E+000  0.108559E+001  0.200000E+001  0.854313E-003
  0.834602E+000  0.108960E+001  0.200000E+001  0.851097E-003
  0.837661E+000  0.109361E+001  0.200000E+001  0.847902E-003
  0.840720E+000  0.109762E+001  0.200000E+001  0.844729E-003
  0.843779E+000  0.110163E+001  0.200000E+001  0.841578E-003
  0.846838E+000  0.110564E+001  0.200000E+001  0.838449E-003
  0.849897E+000  0.110965E+001  0.200000E+001  0.835340E-003
  0.852956E+000  0.111366E+001  0.200000E+001  0.832252E-003
  0.856015E+000  0.111767E+001  0.200000E+001  0.829184E-003
  0.859074E+000  0.112168E+001  0.200000E+001  0.826137E-003
  0.862133E+000  0.112569E+001  0.200000E+001  0.823110E-003
  0.865192E+000  0.112969E+001  0.200000E+001  0.820102E-003
  0.868251E+000  0.113370E+001  0.200000E+001  0.817114E-003
  0.871310E+000  0.113771E+001  0.200000E+001  0.814145E-003
  0.874369E+000  0.114172E+001  0.200000E+001  0.811195E-003
  0.877428E+000  0.114573E+001  0.200000E+001  0.808263E-003
  0.880487E+000  0.114974E+001  0.200000E+001  0.805350E-003
  0.883546E+000  0.115375E+001  0.200000E+001  0.802456E-003
  0.886605E+000  0.115776E+001  0.200000E+001  0.799579E-003
  0.889664E+000  0.116177E+001  0.200000E+001  0.796720E-003
  0.892723E+000  0.116578E+001  0.200000E+001  0.793878E-003
  0.895782E+000  0.116979E+001  0.200000E+001  0.791054E-003
  0.898841E+000  0.117379E+001  0.200000E+001  0.788246E-003
  0.901900E+000  0.109025E-001  0.400000E+001  0.976710E-003
