  0.000000E+000  0.000000E+000  0.000000E+000  0.000000E+000
  0.599059E+000  0.785479E+000  0.200000E+001  0.506346E-002
  0.602118E+000  0.793925E+000  0.200000E+001  0.499328E-002
  0.605177E+000  0.802297E+000  0.200000E+001  0.492485E-002
  0.608236E+000  0.810597E+000  0.200000E+001  0.485837E-002
  0.611295E+000  0.818827E+000  0.200000E+001  0.479378E-002
  0.614354E+000  0.826989E+000  0.200000E+001  0.473100E-002
  0.617413E+000  0.835085E+000  0.200000E+001  0.466995E-002
  0.620472E+000  0.843117E+000  0.200000E+001  0.461057E-002
  0.623531E+000  0.851088E+000  0.200000E+001  0.455276E-002
  0.626590E+000  0.858997E+000  0.200000E+001  0.449648E-002
  0.629649E+000  0.866848E+000  0.200000E+001  0.444166E-002
  0.632708E+000  0.874642E+000  0.200000E+001  0.438823E-002
  0.635767E+000  0.882380E+000  0.200000E+001  0.433614E-002
  0.638826E+000  0.890063E+000  0.200000E+001  0.428534E-002
  0.641885E+000  0.897694E+000  0.200000E+001  0.423578E-002
  0.644944E+000  0.905273E+000  0.200000E+001  0.418741E-002
  0.648003E+000  0.912802E+000  0.200000E+001  0.414018E-002
  0.651062E+000  0.920281E+000  0.200000E+001  0.409405E-002
  0.654121E+000  0.927713E+000  0.200000E+001  0.404899E-002
  0.657180E+000  0.935098E+000  0.200000E+001  0.400495E-002
  0.660239E+000  0.942437E+000  0.200000E+001  0.396190E-002
  0.663298E+000  0.949731E+000  0.200000E+001  0.391979E-002
  0.666357E+000  0.956982E+000  0.200000E+001  0.387861E-002
  0.669416E+000  0.964190E+000  0.200000E+001  0.383832E-002
  0.672475E+000  0.971357E+000  0.200000E+001  0.379888E-002
  0.675534E+000  0.978482E+000  0.200000E+001  0.376027E-002
  0.678593E+000  0.985568E+000  0.200000E+001  0.372247E-002
  0.681652E+000  0.992614E+000  0.200000E+001  0.368544E-002
  0.684711E+000  0.999622E+000  0.200000E+001  0.364916E-002
  0.687770E+000  0.100659E+001  0.200000E+001  0.361361E-002
  0.690829E+000  0.101353E+001  0.200000E+001  0.357877E-002
  0.693888E+000  0.102042E+001  0.200000E+001  0.354461E-002
  0.696947E+000  0.102729E+001  0.200000E+001  0.351111E-002
  0.700006E+000  0.103412E+001  0.200000E+001  0.347825E-002
  0.703065E+000  0.104091E+001  0.200000E+001  0.344602E-002
  0.706124E+000  0.104767E+001  0.200000E+001  0.341439E-002
  0.709183E+000  0.105440E+001  0.200000E+001  0.338335E-002
  0.712242E+000  0.106110E+001  0.200000E+001  0.335288E-002
  0.715301E+000  0.106776E+001  0.200000E+001  0.332297E-002
  0.718360E+000  0.107439E+001  0.200000E+001  0.329359E-002
  0.721419E+000  0.108100E+001  0.200000E+001  0.326474E-002
  0.724478E+000  0.108757E+001  0.200000E+001  0.323640E-002
  0.727537E+000  0.109412E+001  0.200000E+001  0.320855E-002
  0.730596E+000  0.110063E+001  0.200000E+001  0.318119E-002
  0.733655E+000  0.110712E+001  0.200000E+001  0.315429E-002
  0.736714E+000  0.111358E+001  0.200000E+001  0.312786E-002
  0.739773E+000  0.112002E+001  0.200000E+001  0.310186E-002
  0.742832E+000  0.112642E+001  0.200000E+001  0.307631E-002
  0.745891E+000  0.113280E+001  0.200000E+001  0.305117E-002
  0.748950E+000  0.113916E+001  0.200000E+001  0.302645E-002
  0.752009E+000  0.114549E+001  0.200000E+001  0.300212E-002
  0.755068E+000  0.115179E+001  0.200000E+001  0.297819E-002
  0.758127E+000  0.115807E+001  0.200000E+001  0.295465E-002
  0.761186E+000  0.116432E+001  0.200000E+001  0.293147E-002
  0.764245E+000  0.117055E+001  0.200000E+001  0.290866E-002
  0.767304E+000  0.117676E+001  0.200000E+001  0.288620E-002
  0.770363E+000  0.118295E+001  0.200000E+001  0.286409E-002
  0.773422E+000  0.118911E+001  0.200000E+001  0.284232E-002
  0.776481E+000  0.119525E+001  0.200000E+001  0.282088E-002
  0.779540E+000  0.120137E+001  0.200000E+001  0.279977E-002
  0.782599E+000  0.120746E+001  0.200000E+001  0.277896E-002
  0.785658E+000  0.121354E+001  0.200000E+001  0.275847E-002
  0.788717E+000  0.121959E+001  0.200000E+001  0.273828E-002
  0.791776E+000  0.122562E+001  0.200000E+001  0.271838E-002
  0.794835E+000  0.123164E+001  0.200000E+001  0.269877E-002
  0.797894E+000  0.123763E+001  0.200000E+001  0.267945E-002
  0.800953E+000  0.124360E+001  0.200000E+001  0.266039E-002
  0.804012E+000  0.124955E+001  0.200000E+001  0.264161E-002
  0.807071E+000  0.125549E+001  0.200000E+001  0.262310E-002
  0.810130E+000  0.126140E+001  0.200000E+001  0.260484E-002
  0.813189E+000  0.126730E+001  0.200000E+001  0.258683E-002
  0.816248E+000  0.127317E+001  0.200000E+001  0.256907E-002
  0.819307E+000  0.127903E+001  0.200000E+001  0.255156E-002
  0.822366E+000  0.128487E+001  0.200000E+001  0.253428E-002
  0.825425E+000  0.129070E+001  0.200000E+001  0.251724E-002
  0.828484E+000  0.129650E+001  0.200000E+001  0.250042E-002
  0.831543E+000  0.130229E+001  0.200000E+001  0.248382E-002
  0.834602E+000  0.130806E+001  0.200000E+001  0.246745E-002
  0.837661E+000  0.131382E+001  0.200000E+001  0.245129E-002
  0.840720E+000  0.131956E+001  0.200000E+001  0.243534E-002
  0.843779E+000  0.132528E+001  0.200000E+001  0.241960E-002
  0.846838E+000  0.133098E+001  0.200000E+001  0.240406E-002
  0.849897E+000  0.133667E+001  0.200000E+001  0.238871E-002
  0.852956E+000  0.134235E+001  0.200000E+001  0.237356E-002
  0.856015E+000  0.134800E+001  0.200000E+001  0.235861E-002
  0.859074E+000  0.135365E+001  0.200000E+001  0.234384E-002
  0.862133E+000  0.135928E+001  0.200000E+001  0.232925E-002
  0.865192E+000  0.136489E+001  0.200000E+001  0.231484E-002
  0.868251E+000  0.137049E+001  0.200000E+001  0.230062E-002
  0.871310E+000  0.137607E+001  0.200000E+001  0.228656E-002
  0.874369E+000  0.138164E+001  0.200000E+001  0.227268E-002
  0.877428E+000  0.138719E+001  0.200000E+001  0.225896E-002
  0.880487E+000  0.139273E+001  0.200000E+001  0.224541E-002
  0.883546E+000  0.139826E+001  0.200000E+001  0.223201E-002
  0.886605E+000  0.140377E+001  0.200000E+001  0.221878E-002
  0.889664E+000  0.140927E+001  0.200000E+001  0.220570E-002
  0.892723E+000  0.141476E+001  0.200000E+001  0.219278E-002
  0.895782E+000  0.142023E+001  0.200000E+001  0.218001E-002
  0.898841E+000  0.142569E+001  0.200000E+001  0.216738E-002
  0.901900E+000  0.293547E-001  0.400000E+001  0.163065E+000
