  0.315630E+001  0.341583E-001  0.000000E+000  0.139906E+000
  0.315630E+001  0.351583E-001  0.000000E+000  0.135954E+000
  0.315631E+001  0.361583E-001  0.000000E+000  0.132219E+000
  0.315631E+001  0.371583E-001  0.000000E+000  0.128684E+000
  0.315631E+001  0.381583E-001  0.000000E+000  0.125333E+000
  0.315632E+001  0.391583E-001  0.000000E+000  0.122152E+000
  0.315632E+001  0.401583E-001  0.000000E+000  0.119129E+000
  0.315632E+001  0.411583E-001  0.000000E+000  0.116251E+000
  0.315632E+001  0.421583E-001  0.000000E+000  0.113510E+000
  0.315633E+001  0.431583E-001  0.000000E+000  0.110894E+000
  0.315633E+001  0.441583E-001  0.000000E+000  0.108397E+000
  0.315633E+001  0.451583E-001  0.000000E+000  0.106009E+000
  0.315634E+001  0.461582E-001  0.000000E+000  0.103725E+000
  0.315634E+001  0.471582E-001  0.000000E+000  0.101537E+000
  0.315634E+001  0.481582E-001  0.000000E+000  0.994388E-001
  0.315635E+001  0.491582E-001  0.000000E+000  0.974259E-001
  0.315635E+001  0.501582E-001  0.000000E+000  0.954929E-001
  0.315635E+001  0.511582E-001  0.000000E+000  0.936351E-001
  0.315636E+001  0.521582E-001  0.000000E+000  0.918482E-001
  0.315636E+001  0.531582E-001  0.000000E+000  0.901283E-001
  0.315637E+001  0.541582E-001  0.000000E+000  0.884715E-001
  0.315637E+001  0.551582E-001  0.000000E+000  0.868746E-001
  0.315637E+001  0.561582E-001  0.000000E+000  0.853343E-001
  0.315638E+001  0.571582E-001  0.000000E+000  0.838476E-001
  0.315638E+001  0.581582E-001  0.000000E+000  0.824119E-001
  0.315639E+001  0.591582E-001  0.000000E+000  0.810245E-001
  0.315639E+001  0.601581E-001  0.000000E+000  0.796830E-001
  0.315640E+001  0.611581E-001  0.000000E+000  0.783852E-001
  0.315640E+001  0.621581E-001  0.000000E+000  0.771291E-001
  0.315640E+001  0.631581E-001  0.000000E+000  0.759125E-001
  0.315641E+001  0.641581E-001  0.000000E+000  0.747337E-001
  0.315641E+001  0.651581E-001  0.000000E+000  0.735910E-001
  0.315642E+001  0.661581E-001  0.000000E+000  0.724827E-001
  0.315642E+001  0.671581E-001  0.000000E+000  0.714072E-001
  0.315643E+001  0.681581E-001  0.000000E+000  0.703633E-001
  0.315643E+001  0.691580E-001  0.000000E+000  0.693493E-001
  0.315644E+001  0.701580E-001  0.000000E+000  0.683642E-001
  0.315644E+001  0.711580E-001  0.000000E+000  0.674067E-001
  0.315645E+001  0.721580E-001  0.000000E+000  0.664757E-001
  0.315645E+001  0.731580E-001  0.000000E+000  0.655700E-001
  0.315646E+001  0.741580E-001  0.000000E+000  0.646886E-001
  0.315646E+001  0.751580E-001  0.000000E+000  0.638307E-001
  0.315647E+001  0.761579E-001  0.000000E+000  0.629952E-001
  0.315648E+001  0.771579E-001  0.000000E+000  0.621812E-001
  0.315648E+001  0.781579E-001  0.000000E+000  0.613881E-001
  0.315649E+001  0.791579E-001  0.000000E+000  0.606149E-001
  0.315649E+001  0.801579E-001  0.000000E+000  0.598609E-001
  0.315650E+001  0.811579E-001  0.000000E+000  0.591255E-001
  0.315650E+001  0.821578E-001  0.000000E+000  0.584079E-001
  0.315651E+001  0.831578E-001  0.000000E+000  0.577075E-001
  0.315652E+001  0.841578E-001  0.000000E+000  0.570237E-001
  0.315652E+001  0.851578E-001  0.000000E+000  0.563560E-001
  0.315653E+001  0.861578E-001  0.000000E+000  0.557037E-001
  0.315653E+001  0.871578E-001  0.000000E+000  0.550663E-001
  0.315654E+001  0.881577E-001  0.000000E+000  0.544433E-001
  0.315655E+001  0.891577E-001  0.000000E+000  0.538343E-001
  0.315655E+001  0.901577E-001  0.000000E+000  0.532387E-001
  0.315656E+001  0.911577E-001  0.000000E+000  0.526562E-001
  0.315657E+001  0.921577E-001  0.000000E+000  0.520863E-001
  0.315657E+001  0.931576E-001  0.000000E+000  0.515286E-001
  0.315658E+001  0.941576E-001  0.000000E+000  0.509827E-001
  0.315659E+001  0.951576E-001  0.000000E+000  0.504482E-001
  0.315659E+001  0.961576E-001  0.000000E+000  0.499248E-001
  0.315660E+001  0.971575E-001  0.000000E+000  0.494122E-001
  0.315661E+001  0.981575E-001  0.000000E+000  0.489100E-001
  0.315662E+001  0.991575E-001  0.000000E+000  0.484179E-001
  0.315662E+001  0.100157E+000  0.000000E+000  0.479356E-001
  0.315663E+001  0.101157E+000  0.000000E+000  0.474628E-001
  0.315664E+001  0.102157E+000  0.000000E+000  0.469992E-001
  0.315664E+001  0.103157E+000  0.000000E+000  0.465447E-001
  0.315665E+001  0.104157E+000  0.000000E+000  0.460988E-001
  0.315666E+001  0.105157E+000  0.000000E+000  0.456613E-001
  0.315667E+001  0.106157E+000  0.000000E+000  0.452321E-001
  0.315668E+001  0.107157E+000  0.000000E+000  0.448109E-001
  0.315668E+001  0.108157E+000  0.000000E+000  0.443975E-001
  0.315669E+001  0.109157E+000  0.000000E+000  0.439916E-001
  0.315670E+001  0.110157E+000  0.000000E+000  0.435931E-001
  0.315671E+001  0.111157E+000  0.000000E+000  0.432017E-001
  0.315671E+001  0.112157E+000  0.000000E+000  0.428173E-001
  0.315672E+001  0.113157E+000  0.000000E+000  0.424397E-001
  0.315673E+001  0.114157E+000  0.000000E+000  0.420686E-001
  0.315674E+001  0.115157E+000  0.000000E+000  0.417040E-001
  0.315675E+001  0.116157E+000  0.000000E+000  0.413457E-001
  0.315676E+001  0.117157E+000  0.000000E+000  0.409934E-001
  0.315676E+001  0.118157E+000  0.000000E+000  0.406472E-001
  0.315677E+001  0.119157E+000  0.000000E+000  0.403067E-001
  0.315678E+001  0.120157E+000  0.000000E+000  0.399718E-001
  0.315679E+001  0.121157E+000  0.000000E+000  0.396425E-001
  0.315680E+001  0.122157E+000  0.000000E+000  0.393186E-001
  0.315681E+001  0.123157E+000  0.000000E+000  0.389999E-001
  0.315682E+001  0.124157E+000  0.000000E+000  0.386863E-001
  0.315683E+001  0.125157E+000  0.000000E+000  0.383778E-001
  0.315684E+001  0.126157E+000  0.000000E+000  0.380741E-001
  0.315684E+001  0.127157E+000  0.000000E+000  0.377752E-001
  0.315685E+001  0.128157E+000  0.000000E+000  0.374809E-001
  0.315686E+001  0.129156E+000  0.000000E+000  0.371912E-001
  0.315687E+001  0.130156E+000  0.000000E+000  0.369060E-001
  0.315688E+001  0.131156E+000  0.000000E+000  0.366250E-001
  0.315689E+001  0.132156E+000  0.000000E+000  0.363483E-001
  0.315690E+001  0.133156E+000  0.000000E+000  0.360758E-001
  0.315691E+001  0.134156E+000  0.000000E+000  0.358073E-001
  0.315692E+001  0.135156E+000  0.000000E+000  0.355428E-001
  0.315693E+001  0.136156E+000  0.000000E+000  0.352822E-001
  0.315694E+001  0.137156E+000  0.000000E+000  0.350253E-001
  0.315695E+001  0.138156E+000  0.000000E+000  0.347722E-001
  0.315696E+001  0.139156E+000  0.000000E+000  0.345227E-001
  0.315697E+001  0.140156E+000  0.000000E+000  0.342767E-001
  0.315698E+001  0.141156E+000  0.000000E+000  0.340343E-001
  0.315699E+001  0.142156E+000  0.000000E+000  0.337952E-001
  0.315700E+001  0.143156E+000  0.000000E+000  0.335595E-001
  0.315701E+001  0.144156E+000  0.000000E+000  0.333270E-001
  0.315702E+001  0.145156E+000  0.000000E+000  0.330977E-001
  0.315703E+001  0.146156E+000  0.000000E+000  0.328716E-001
  0.315704E+001  0.147156E+000  0.000000E+000  0.326485E-001
  0.315705E+001  0.148156E+000  0.000000E+000  0.324285E-001
  0.315706E+001  0.149155E+000  0.000000E+000  0.322113E-001
  0.315707E+001  0.150155E+000  0.000000E+000  0.319971E-001
  0.315709E+001  0.151155E+000  0.000000E+000  0.317857E-001
  0.315710E+001  0.152155E+000  0.000000E+000  0.315771E-001
  0.315711E+001  0.153155E+000  0.000000E+000  0.313712E-001
  0.315712E+001  0.154155E+000  0.000000E+000  0.311679E-001
  0.315713E+001  0.155155E+000  0.000000E+000  0.309673E-001
  0.315714E+001  0.156155E+000  0.000000E+000  0.307692E-001
  0.315715E+001  0.157155E+000  0.000000E+000  0.305737E-001
  0.315716E+001  0.158155E+000  0.000000E+000  0.303806E-001
  0.315717E+001  0.159155E+000  0.000000E+000  0.301900E-001
  0.315719E+001  0.160155E+000  0.000000E+000  0.300017E-001
  0.315720E+001  0.161155E+000  0.000000E+000  0.298157E-001
  0.315721E+001  0.162155E+000  0.000000E+000  0.296321E-001
  0.315722E+001  0.163155E+000  0.000000E+000  0.294507E-001
  0.315723E+001  0.164154E+000  0.000000E+000  0.292715E-001
  0.315724E+001  0.165154E+000  0.000000E+000  0.290944E-001
  0.315726E+001  0.166154E+000  0.000000E+000  0.289195E-001
  0.315727E+001  0.167154E+000  0.000000E+000  0.287467E-001
  0.315728E+001  0.168154E+000  0.000000E+000  0.285759E-001
  0.315729E+001  0.169154E+000  0.000000E+000  0.284072E-001
  0.315731E+001  0.170154E+000  0.000000E+000  0.282404E-001
  0.315732E+001  0.171154E+000  0.000000E+000  0.280756E-001
  0.315733E+001  0.172154E+000  0.000000E+000  0.279127E-001
  0.315734E+001  0.173154E+000  0.000000E+000  0.277516E-001
  0.315736E+001  0.174154E+000  0.000000E+000  0.275924E-001
  0.315737E+001  0.175154E+000  0.000000E+000  0.274351E-001
  0.315738E+001  0.176154E+000  0.000000E+000  0.272795E-001
  0.315739E+001  0.177154E+000  0.000000E+000  0.271256E-001
  0.315741E+001  0.178153E+000  0.000000E+000  0.269735E-001
  0.315742E+001  0.179153E+000  0.000000E+000  0.268231E-001
  0.315743E+001  0.180153E+000  0.000000E+000  0.266744E-001
  0.315744E+001  0.181153E+000  0.000000E+000  0.265272E-001
  0.315746E+001  0.182153E+000  0.000000E+000  0.263817E-001
  0.315747E+001  0.183153E+000  0.000000E+000  0.262378E-001
  0.315748E+001  0.184153E+000  0.000000E+000  0.260955E-001
  0.315750E+001  0.185153E+000  0.000000E+000  0.259547E-001
  0.315751E+001  0.186153E+000  0.000000E+000  0.258154E-001
  0.315752E+001  0.187153E+000  0.000000E+000  0.256775E-001
  0.315754E+001  0.188153E+000  0.000000E+000  0.255412E-001
  0.315755E+001  0.189152E+000  0.000000E+000  0.254063E-001
  0.315757E+001  0.190152E+000  0.000000E+000  0.252728E-001
  0.315758E+001  0.191152E+000  0.000000E+000  0.251407E-001
  0.315759E+001  0.192152E+000  0.000000E+000  0.250099E-001
  0.315761E+001  0.193152E+000  0.000000E+000  0.248806E-001
  0.315762E+001  0.194152E+000  0.000000E+000  0.247525E-001
  0.315763E+001  0.195152E+000  0.000000E+000  0.246258E-001
  0.315765E+001  0.196152E+000  0.000000E+000  0.245003E-001
  0.315766E+001  0.197152E+000  0.000000E+000  0.243761E-001
  0.315768E+001  0.198152E+000  0.000000E+000  0.242532E-001
  0.315769E+001  0.199151E+000  0.000000E+000  0.241315E-001
  0.315771E+001  0.200151E+000  0.000000E+000  0.240110E-001
  0.315772E+001  0.201151E+000  0.000000E+000  0.238917E-001
  0.315773E+001  0.202151E+000  0.000000E+000  0.237736E-001
  0.315775E+001  0.203151E+000  0.000000E+000  0.236567E-001
  0.315776E+001  0.204151E+000  0.000000E+000  0.235409E-001
  0.315778E+001  0.205151E+000  0.000000E+000  0.234262E-001
  0.315779E+001  0.206151E+000  0.000000E+000  0.233127E-001
  0.315781E+001  0.207151E+000  0.000000E+000  0.232002E-001
  0.315782E+001  0.208151E+000  0.000000E+000  0.230888E-001
  0.315784E+001  0.209150E+000  0.000000E+000  0.229785E-001
  0.315785E+001  0.210150E+000  0.000000E+000  0.228692E-001
  0.315787E+001  0.211150E+000  0.000000E+000  0.227610E-001
  0.315788E+001  0.212150E+000  0.000000E+000  0.226537E-001
  0.315790E+001  0.213150E+000  0.000000E+000  0.225475E-001
  0.315791E+001  0.214150E+000  0.000000E+000  0.224423E-001
  0.315793E+001  0.215150E+000  0.000000E+000  0.223380E-001
  0.315795E+001  0.216150E+000  0.000000E+000  0.222347E-001
  0.315796E+001  0.217149E+000  0.000000E+000  0.221324E-001
  0.315798E+001  0.218149E+000  0.000000E+000  0.220310E-001
  0.315799E+001  0.219149E+000  0.000000E+000  0.219305E-001
  0.315801E+001  0.220149E+000  0.000000E+000  0.218309E-001
  0.315802E+001  0.221149E+000  0.000000E+000  0.217323E-001
  0.315804E+001  0.222149E+000  0.000000E+000  0.216345E-001
  0.315806E+001  0.223149E+000  0.000000E+000  0.215376E-001
  0.315807E+001  0.224149E+000  0.000000E+000  0.214415E-001
  0.315809E+001  0.225148E+000  0.000000E+000  0.213464E-001
  0.315811E+001  0.226148E+000  0.000000E+000  0.212520E-001
  0.315812E+001  0.227148E+000  0.000000E+000  0.211585E-001
  0.315814E+001  0.228148E+000  0.000000E+000  0.210658E-001
  0.315815E+001  0.229148E+000  0.000000E+000  0.209739E-001
  0.315817E+001  0.230148E+000  0.000000E+000  0.208828E-001
  0.315819E+001  0.231148E+000  0.000000E+000  0.207925E-001
  0.315820E+001  0.232147E+000  0.000000E+000  0.207029E-001
  0.315822E+001  0.233147E+000  0.000000E+000  0.206142E-001
  0.315824E+001  0.234147E+000  0.000000E+000  0.205262E-001
  0.315826E+001  0.235147E+000  0.000000E+000  0.204389E-001
  0.315827E+001  0.236147E+000  0.000000E+000  0.203524E-001
  0.315829E+001  0.237147E+000  0.000000E+000  0.202666E-001
  0.315831E+001  0.238147E+000  0.000000E+000  0.201815E-001
  0.315832E+001  0.239146E+000  0.000000E+000  0.200972E-001
  0.315834E+001  0.240146E+000  0.000000E+000  0.200135E-001
  0.315836E+001  0.241146E+000  0.000000E+000  0.199305E-001
  0.315838E+001  0.242146E+000  0.000000E+000  0.198482E-001
  0.315839E+001  0.243146E+000  0.000000E+000  0.197666E-001
  0.315841E+001  0.244146E+000  0.000000E+000  0.196857E-001
  0.315843E+001  0.245146E+000  0.000000E+000  0.196054E-001
  0.315845E+001  0.246145E+000  0.000000E+000  0.195258E-001
  0.315846E+001  0.247145E+000  0.000000E+000  0.194468E-001
  0.315848E+001  0.248145E+000  0.000000E+000  0.193684E-001
  0.315850E+001  0.249145E+000  0.000000E+000  0.192907E-001
  0.315852E+001  0.250145E+000  0.000000E+000  0.192136E-001
  0.315854E+001  0.251145E+000  0.000000E+000  0.191371E-001
  0.315855E+001  0.252144E+000  0.000000E+000  0.190612E-001
  0.315857E+001  0.253144E+000  0.000000E+000  0.189859E-001
  0.315859E+001  0.254144E+000  0.000000E+000  0.189112E-001
  0.315861E+001  0.255144E+000  0.000000E+000  0.188371E-001
  0.315863E+001  0.256144E+000  0.000000E+000  0.187636E-001
  0.315865E+001  0.257144E+000  0.000000E+000  0.186906E-001
  0.315866E+001  0.258143E+000  0.000000E+000  0.186182E-001
  0.315868E+001  0.259143E+000  0.000000E+000  0.185464E-001
  0.315870E+001  0.260143E+000  0.000000E+000  0.184751E-001
  0.315872E+001  0.261143E+000  0.000000E+000  0.184044E-001
  0.315874E+001  0.262143E+000  0.000000E+000  0.183342E-001
  0.315876E+001  0.263143E+000  0.000000E+000  0.182645E-001
  0.315878E+001  0.264142E+000  0.000000E+000  0.181954E-001
  0.315880E+001  0.265142E+000  0.000000E+000  0.181267E-001
  0.315881E+001  0.266142E+000  0.000000E+000  0.180586E-001
  0.315883E+001  0.267142E+000  0.000000E+000  0.179910E-001
  0.315885E+001  0.268142E+000  0.000000E+000  0.179239E-001
  0.315887E+001  0.269141E+000  0.000000E+000  0.178573E-001
  0.315889E+001  0.270141E+000  0.000000E+000  0.177912E-001
  0.315891E+001  0.271141E+000  0.000000E+000  0.177256E-001
  0.315893E+001  0.272141E+000  0.000000E+000  0.176605E-001
  0.315895E+001  0.273141E+000  0.000000E+000  0.175958E-001
  0.315897E+001  0.274140E+000  0.000000E+000  0.175316E-001
  0.315899E+001  0.275140E+000  0.000000E+000  0.174679E-001
  0.315901E+001  0.276140E+000  0.000000E+000  0.174046E-001
  0.315903E+001  0.277140E+000  0.000000E+000  0.173418E-001
  0.315905E+001  0.278140E+000  0.000000E+000  0.172795E-001
  0.315907E+001  0.279139E+000  0.000000E+000  0.172176E-001
  0.315909E+001  0.280139E+000  0.000000E+000  0.171561E-001
  0.315911E+001  0.281139E+000  0.000000E+000  0.170951E-001
  0.315913E+001  0.282139E+000  0.000000E+000  0.170345E-001
  0.315915E+001  0.283139E+000  0.000000E+000  0.169743E-001
  0.315917E+001  0.284138E+000  0.000000E+000  0.169145E-001
  0.315919E+001  0.285138E+000  0.000000E+000  0.168552E-001
  0.315921E+001  0.286138E+000  0.000000E+000  0.167963E-001
  0.315923E+001  0.287138E+000  0.000000E+000  0.167378E-001
  0.315925E+001  0.288138E+000  0.000000E+000  0.166797E-001
  0.315928E+001  0.289137E+000  0.000000E+000  0.166220E-001
  0.315930E+001  0.290137E+000  0.000000E+000  0.165647E-001
  0.315932E+001  0.291137E+000  0.000000E+000  0.165078E-001
  0.315934E+001  0.292137E+000  0.000000E+000  0.164512E-001
  0.315936E+001  0.293137E+000  0.000000E+000  0.163951E-001
  0.315938E+001  0.294136E+000  0.000000E+000  0.163394E-001
  0.315940E+001  0.295136E+000  0.000000E+000  0.162840E-001
  0.315942E+001  0.296136E+000  0.000000E+000  0.162290E-001
  0.315944E+001  0.297136E+000  0.000000E+000  0.161743E-001
  0.315947E+001  0.298135E+000  0.000000E+000  0.161201E-001
  0.315949E+001  0.299135E+000  0.000000E+000  0.160662E-001
  0.315951E+001  0.300135E+000  0.000000E+000  0.160126E-001
  0.315953E+001  0.301135E+000  0.000000E+000  0.159594E-001
  0.315955E+001  0.302134E+000  0.000000E+000  0.159066E-001
  0.315957E+001  0.303134E+000  0.000000E+000  0.158541E-001
  0.315960E+001  0.304134E+000  0.000000E+000  0.158019E-001
  0.315962E+001  0.305134E+000  0.000000E+000  0.157501E-001
  0.315964E+001  0.306133E+000  0.000000E+000  0.156987E-001
  0.315966E+001  0.307133E+000  0.000000E+000  0.156475E-001
  0.315968E+001  0.308133E+000  0.000000E+000  0.155967E-001
  0.315971E+001  0.309133E+000  0.000000E+000  0.155463E-001
  0.315973E+001  0.310132E+000  0.000000E+000  0.154961E-001
  0.315975E+001  0.311132E+000  0.000000E+000  0.154463E-001
  0.315977E+001  0.312132E+000  0.000000E+000  0.153968E-001
  0.315980E+001  0.313132E+000  0.000000E+000  0.153476E-001
  0.315982E+001  0.314131E+000  0.000000E+000  0.152987E-001
  0.315984E+001  0.315131E+000  0.000000E+000  0.152501E-001
  0.315986E+001  0.316131E+000  0.000000E+000  0.152019E-001
  0.315989E+001  0.317131E+000  0.000000E+000  0.151539E-001
  0.315991E+001  0.318130E+000  0.000000E+000  0.151062E-001
  0.315993E+001  0.319130E+000  0.000000E+000  0.150589E-001
  0.315996E+001  0.320130E+000  0.000000E+000  0.150118E-001
  0.315998E+001  0.321130E+000  0.000000E+000  0.149651E-001
  0.316000E+001  0.322129E+000  0.000000E+000  0.149186E-001
  0.316002E+001  0.323129E+000  0.000000E+000  0.148724E-001
  0.316005E+001  0.324129E+000  0.000000E+000  0.148265E-001
  0.316007E+001  0.325129E+000  0.000000E+000  0.147808E-001
  0.316010E+001  0.326128E+000  0.000000E+000  0.147355E-001
  0.316012E+001  0.327128E+000  0.000000E+000  0.146904E-001
  0.316014E+001  0.328128E+000  0.000000E+000  0.146456E-001
  0.316017E+001  0.329127E+000  0.000000E+000  0.146011E-001
  0.316019E+001  0.330127E+000  0.000000E+000  0.145568E-001
  0.316021E+001  0.331127E+000  0.000000E+000  0.145128E-001
  0.316024E+001  0.332127E+000  0.000000E+000  0.144691E-001
  0.316026E+001  0.333126E+000  0.000000E+000  0.144257E-001
  0.316029E+001  0.334126E+000  0.000000E+000  0.143824E-001
  0.316031E+001  0.335126E+000  0.000000E+000  0.143395E-001
  0.316033E+001  0.336125E+000  0.000000E+000  0.142968E-001
  0.316036E+001  0.337125E+000  0.000000E+000  0.142544E-001
  0.316038E+001  0.338125E+000  0.000000E+000  0.142122E-001
  0.316041E+001  0.339125E+000  0.000000E+000  0.141702E-001
  0.316043E+001  0.340124E+000  0.000000E+000  0.141286E-001
  0.316046E+001  0.341124E+000  0.000000E+000  0.140871E-001
  0.316048E+001  0.342124E+000  0.000000E+000  0.140459E-001
  0.316050E+001  0.343123E+000  0.000000E+000  0.140049E-001
  0.316053E+001  0.344123E+000  0.000000E+000  0.139642E-001
  0.316055E+001  0.345123E+000  0.000000E+000  0.139237E-001
  0.316058E+001  0.346122E+000  0.000000E+000  0.138834E-001
  0.316060E+001  0.347122E+000  0.000000E+000  0.138434E-001
  0.316063E+001  0.348122E+000  0.000000E+000  0.138036E-001
  0.316065E+001  0.349121E+000  0.000000E+000  0.137640E-001
  0.316068E+001  0.350121E+000  0.000000E+000  0.137247E-001
  0.316070E+001  0.351121E+000  0.000000E+000  0.136856E-001
  0.316073E+001  0.352121E+000  0.000000E+000  0.136467E-001
  0.316076E+001  0.353120E+000  0.000000E+000  0.136080E-001
  0.316078E+001  0.354120E+000  0.000000E+000  0.135695E-001
  0.316081E+001  0.355120E+000  0.000000E+000  0.135313E-001
  0.316083E+001  0.356119E+000  0.000000E+000  0.134933E-001
  0.316086E+001  0.357119E+000  0.000000E+000  0.134554E-001
  0.316088E+001  0.358119E+000  0.000000E+000  0.134178E-001
  0.316091E+001  0.359118E+000  0.000000E+000  0.133804E-001
  0.316094E+001  0.360118E+000  0.000000E+000  0.133432E-001
  0.316096E+001  0.361118E+000  0.000000E+000  0.133063E-001
  0.316099E+001  0.362117E+000  0.000000E+000  0.132695E-001
  0.316101E+001  0.363117E+000  0.000000E+000  0.132329E-001
  0.316104E+001  0.364117E+000  0.000000E+000  0.131965E-001
  0.316107E+001  0.365116E+000  0.000000E+000  0.131603E-001
  0.316109E+001  0.366116E+000  0.000000E+000  0.131243E-001
  0.316112E+001  0.367115E+000  0.000000E+000  0.130886E-001
  0.316115E+001  0.368115E+000  0.000000E+000  0.130530E-001
  0.316117E+001  0.369115E+000  0.000000E+000  0.130176E-001
  0.316120E+001  0.370114E+000  0.000000E+000  0.129824E-001
  0.316122E+001  0.371114E+000  0.000000E+000  0.129473E-001
  0.316125E+001  0.372114E+000  0.000000E+000  0.129125E-001
  0.316128E+001  0.373113E+000  0.000000E+000  0.128779E-001
  0.316131E+001  0.374113E+000  0.000000E+000  0.128434E-001
  0.316133E+001  0.375113E+000  0.000000E+000  0.128091E-001
  0.316136E+001  0.376112E+000  0.000000E+000  0.127750E-001
  0.316139E+001  0.377112E+000  0.000000E+000  0.127411E-001
  0.316141E+001  0.378112E+000  0.000000E+000  0.127074E-001
  0.316144E+001  0.379111E+000  0.000000E+000  0.126738E-001
  0.316147E+001  0.380111E+000  0.000000E+000  0.126404E-001
  0.316150E+001  0.381110E+000  0.000000E+000  0.126072E-001
  0.316152E+001  0.382110E+000  0.000000E+000  0.125742E-001
  0.316155E+001  0.383110E+000  0.000000E+000  0.125413E-001
  0.316158E+001  0.384109E+000  0.000000E+000  0.125086E-001
  0.316161E+001  0.385109E+000  0.000000E+000  0.124761E-001
  0.316163E+001  0.386109E+000  0.000000E+000  0.124438E-001
  0.316166E+001  0.387108E+000  0.000000E+000  0.124116E-001
  0.316169E+001  0.388108E+000  0.000000E+000  0.123796E-001
  0.316172E+001  0.389107E+000  0.000000E+000  0.123477E-001
  0.316175E+001  0.390107E+000  0.000000E+000  0.123160E-001
  0.316177E+001  0.391107E+000  0.000000E+000  0.122845E-001
  0.316180E+001  0.392106E+000  0.000000E+000  0.122531E-001
  0.316183E+001  0.393106E+000  0.000000E+000  0.122219E-001
  0.316186E+001  0.394105E+000  0.000000E+000  0.121908E-001
  0.316189E+001  0.395105E+000  0.000000E+000  0.121599E-001
  0.316192E+001  0.396105E+000  0.000000E+000  0.121292E-001
  0.316194E+001  0.397104E+000  0.000000E+000  0.120986E-001
  0.316197E+001  0.398104E+000  0.000000E+000  0.120682E-001
  0.316200E+001  0.399103E+000  0.000000E+000  0.120379E-001
  0.316203E+001  0.400103E+000  0.000000E+000  0.120078E-001
  0.316206E+001  0.401102E+000  0.000000E+000  0.119778E-001
  0.316209E+001  0.402102E+000  0.000000E+000  0.119480E-001
  0.316212E+001  0.403102E+000  0.000000E+000  0.119183E-001
  0.316215E+001  0.404101E+000  0.000000E+000  0.118887E-001
  0.316218E+001  0.405101E+000  0.000000E+000  0.118594E-001
  0.316220E+001  0.406100E+000  0.000000E+000  0.118301E-001
  0.316223E+001  0.407100E+000  0.000000E+000  0.118010E-001
  0.316226E+001  0.408100E+000  0.000000E+000  0.117720E-001
  0.316229E+001  0.409099E+000  0.000000E+000  0.117432E-001
  0.316232E+001  0.410099E+000  0.000000E+000  0.117145E-001
  0.316235E+001  0.411098E+000  0.000000E+000  0.116860E-001
  0.316238E+001  0.412098E+000  0.000000E+000  0.116576E-001
  0.316241E+001  0.413097E+000  0.000000E+000  0.116293E-001
  0.316244E+001  0.414097E+000  0.000000E+000  0.116012E-001
  0.316247E+001  0.415096E+000  0.000000E+000  0.115732E-001
  0.316250E+001  0.416096E+000  0.000000E+000  0.115454E-001
  0.316253E+001  0.417096E+000  0.000000E+000  0.115176E-001
  0.316256E+001  0.418095E+000  0.000000E+000  0.114900E-001
  0.316259E+001  0.419095E+000  0.000000E+000  0.114626E-001
  0.316262E+001  0.420094E+000  0.000000E+000  0.114353E-001
  0.316265E+001  0.421094E+000  0.000000E+000  0.114081E-001
  0.316268E+001  0.422093E+000  0.000000E+000  0.113810E-001
  0.316271E+001  0.423093E+000  0.000000E+000  0.113540E-001
  0.316274E+001  0.424092E+000  0.000000E+000  0.113272E-001
  0.316277E+001  0.425092E+000  0.000000E+000  0.113005E-001
  0.316280E+001  0.426091E+000  0.000000E+000  0.112740E-001
  0.316283E+001  0.427091E+000  0.000000E+000  0.112475E-001
  0.316286E+001  0.428090E+000  0.000000E+000  0.112212E-001
  0.316290E+001  0.429090E+000  0.000000E+000  0.111950E-001
  0.316293E+001  0.430089E+000  0.000000E+000  0.111689E-001
  0.316296E+001  0.431089E+000  0.000000E+000  0.111430E-001
  0.316299E+001  0.432089E+000  0.000000E+000  0.111171E-001
  0.316302E+001  0.433088E+000  0.000000E+000  0.110914E-001
  0.316305E+001  0.434088E+000  0.000000E+000  0.110658E-001
  0.316308E+001  0.435087E+000  0.000000E+000  0.110403E-001
  0.316311E+001  0.436087E+000  0.000000E+000  0.110150E-001
  0.316315E+001  0.437086E+000  0.000000E+000  0.109897E-001
  0.316318E+001  0.438086E+000  0.000000E+000  0.109646E-001
  0.316321E+001  0.439085E+000  0.000000E+000  0.109396E-001
  0.316324E+001  0.440085E+000  0.000000E+000  0.109147E-001
  0.316327E+001  0.441084E+000  0.000000E+000  0.108899E-001
  0.316330E+001  0.442084E+000  0.000000E+000  0.108652E-001
  0.316334E+001  0.443083E+000  0.000000E+000  0.108406E-001
  0.316337E+001  0.444083E+000  0.000000E+000  0.108162E-001
  0.316340E+001  0.445082E+000  0.000000E+000  0.107918E-001
  0.316343E+001  0.446082E+000  0.000000E+000  0.107676E-001
  0.316346E+001  0.447081E+000  0.000000E+000  0.107434E-001
  0.316350E+001  0.448081E+000  0.000000E+000  0.107194E-001
  0.316353E+001  0.449080E+000  0.000000E+000  0.106955E-001
  0.316356E+001  0.450079E+000  0.000000E+000  0.106717E-001
  0.316359E+001  0.451079E+000  0.000000E+000  0.106480E-001
  0.316363E+001  0.452078E+000  0.000000E+000  0.106244E-001
  0.316366E+001  0.453078E+000  0.000000E+000  0.106009E-001
  0.316369E+001  0.454077E+000  0.000000E+000  0.105775E-001
  0.316372E+001  0.455077E+000  0.000000E+000  0.105542E-001
  0.316376E+001  0.456076E+000  0.000000E+000  0.105310E-001
  0.316379E+001  0.457076E+000  0.000000E+000  0.105079E-001
  0.316382E+001  0.458075E+000  0.000000E+000  0.104849E-001
  0.316385E+001  0.459075E+000  0.000000E+000  0.104621E-001
  0.316389E+001  0.460074E+000  0.000000E+000  0.104393E-001
  0.316392E+001  0.461074E+000  0.000000E+000  0.104166E-001
  0.316395E+001  0.462073E+000  0.000000E+000  0.103940E-001
  0.316399E+001  0.463072E+000  0.000000E+000  0.103715E-001
  0.316402E+001  0.464072E+000  0.000000E+000  0.103491E-001
  0.316405E+001  0.465071E+000  0.000000E+000  0.103268E-001
  0.316409E+001  0.466071E+000  0.000000E+000  0.103046E-001
  0.316412E+001  0.467070E+000  0.000000E+000  0.102825E-001
  0.316415E+001  0.468070E+000  0.000000E+000  0.102605E-001
  0.316419E+001  0.469069E+000  0.000000E+000  0.102385E-001
  0.316422E+001  0.470068E+000  0.000000E+000  0.102167E-001
  0.316426E+001  0.471068E+000  0.000000E+000  0.101950E-001
  0.316429E+001  0.472067E+000  0.000000E+000  0.101733E-001
  0.316432E+001  0.473067E+000  0.000000E+000  0.101518E-001
  0.316436E+001  0.474066E+000  0.000000E+000  0.101303E-001
  0.316439E+001  0.475066E+000  0.000000E+000  0.101089E-001
  0.316443E+001  0.476065E+000  0.000000E+000  0.100876E-001
  0.316446E+001  0.477064E+000  0.000000E+000  0.100664E-001
  0.316450E+001  0.478064E+000  0.000000E+000  0.100453E-001
  0.316453E+001  0.479063E+000  0.000000E+000  0.100243E-001
  0.316456E+001  0.480063E+000  0.000000E+000  0.100034E-001
  0.316460E+001  0.481062E+000  0.000000E+000  0.998254E-002
  0.316463E+001  0.482061E+000  0.000000E+000  0.996178E-002
  0.316467E+001  0.483061E+000  0.000000E+000  0.994111E-002
  0.316470E+001  0.484060E+000  0.000000E+000  0.992052E-002
  0.316474E+001  0.485060E+000  0.000000E+000  0.990002E-002
  0.316477E+001  0.486059E+000  0.000000E+000  0.987960E-002
  0.316481E+001  0.487058E+000  0.000000E+000  0.985927E-002
  0.316484E+001  0.488058E+000  0.000000E+000  0.983901E-002
  0.316488E+001  0.489057E+000  0.000000E+000  0.981884E-002
  0.316491E+001  0.490057E+000  0.000000E+000  0.979876E-002
  0.316495E+001  0.491056E+000  0.000000E+000  0.977875E-002
  0.316498E+001  0.492055E+000  0.000000E+000  0.975883E-002
  0.316502E+001  0.493055E+000  0.000000E+000  0.973899E-002
  0.316505E+001  0.494054E+000  0.000000E+000  0.971922E-002
  0.316509E+001  0.495053E+000  0.000000E+000  0.969954E-002
  0.316513E+001  0.496053E+000  0.000000E+000  0.967993E-002
  0.316516E+001  0.497052E+000  0.000000E+000  0.966041E-002
  0.316520E+001  0.498051E+000  0.000000E+000  0.964096E-002
  0.316523E+001  0.499051E+000  0.000000E+000  0.962159E-002
  0.316527E+001  0.500050E+000  0.000000E+000  0.960230E-002
  0.316531E+001  0.501050E+000  0.000000E+000  0.958308E-002
  0.316534E+001  0.502049E+000  0.000000E+000  0.956394E-002
  0.316538E+001  0.503048E+000  0.000000E+000  0.954488E-002
  0.316541E+001  0.504048E+000  0.000000E+000  0.952589E-002
  0.316545E+001  0.505047E+000  0.000000E+000  0.950698E-002
  0.316549E+001  0.506046E+000  0.000000E+000  0.948814E-002
  0.316552E+001  0.507046E+000  0.000000E+000  0.946938E-002
  0.316556E+001  0.508045E+000  0.000000E+000  0.945068E-002
  0.316560E+001  0.509044E+000  0.000000E+000  0.943207E-002
  0.316563E+001  0.510044E+000  0.000000E+000  0.941352E-002
  0.316567E+001  0.511043E+000  0.000000E+000  0.939505E-002
  0.316571E+001  0.512042E+000  0.000000E+000  0.937665E-002
  0.316574E+001  0.513042E+000  0.000000E+000  0.935832E-002
  0.316578E+001  0.514041E+000  0.000000E+000  0.934006E-002
  0.316582E+001  0.515040E+000  0.000000E+000  0.932188E-002
  0.316585E+001  0.516040E+000  0.000000E+000  0.930376E-002
  0.316589E+001  0.517039E+000  0.000000E+000  0.928571E-002
  0.316593E+001  0.518038E+000  0.000000E+000  0.926774E-002
  0.316597E+001  0.519037E+000  0.000000E+000  0.924983E-002
  0.316600E+001  0.520037E+000  0.000000E+000  0.923199E-002
  0.316604E+001  0.521036E+000  0.000000E+000  0.921422E-002
  0.316608E+001  0.522035E+000  0.000000E+000  0.919652E-002
  0.316612E+001  0.523035E+000  0.000000E+000  0.917888E-002
  0.316615E+001  0.524034E+000  0.000000E+000  0.916131E-002
  0.316619E+001  0.525033E+000  0.000000E+000  0.914381E-002
  0.316623E+001  0.526032E+000  0.000000E+000  0.912638E-002
  0.316627E+001  0.527032E+000  0.000000E+000  0.910901E-002
  0.316630E+001  0.528031E+000  0.000000E+000  0.909170E-002
  0.316634E+001  0.529030E+000  0.000000E+000  0.907446E-002
  0.316638E+001  0.530030E+000  0.000000E+000  0.905729E-002
  0.316642E+001  0.531029E+000  0.000000E+000  0.904018E-002
  0.316646E+001  0.532028E+000  0.000000E+000  0.902314E-002
  0.316650E+001  0.533027E+000  0.000000E+000  0.900616E-002
  0.316653E+001  0.534027E+000  0.000000E+000  0.898924E-002
  0.316657E+001  0.535026E+000  0.000000E+000  0.897238E-002
  0.316661E+001  0.536025E+000  0.000000E+000  0.895559E-002
  0.316665E+001  0.537024E+000  0.000000E+000  0.893886E-002
  0.316669E+001  0.538024E+000  0.000000E+000  0.892220E-002
  0.316673E+001  0.539023E+000  0.000000E+000  0.890559E-002
  0.316677E+001  0.540022E+000  0.000000E+000  0.888905E-002
  0.316680E+001  0.541021E+000  0.000000E+000  0.887256E-002
  0.316684E+001  0.542021E+000  0.000000E+000  0.885614E-002
  0.316688E+001  0.543020E+000  0.000000E+000  0.883978E-002
  0.316692E+001  0.544019E+000  0.000000E+000  0.882348E-002
  0.316696E+001  0.545018E+000  0.000000E+000  0.880723E-002
  0.316700E+001  0.546018E+000  0.000000E+000  0.879105E-002
  0.316704E+001  0.547017E+000  0.000000E+000  0.877493E-002
  0.316708E+001  0.548016E+000  0.000000E+000  0.875886E-002
  0.316712E+001  0.549015E+000  0.000000E+000  0.874285E-002
  0.316716E+001  0.550015E+000  0.000000E+000  0.872690E-002
  0.316720E+001  0.551014E+000  0.000000E+000  0.871101E-002
  0.316724E+001  0.552013E+000  0.000000E+000  0.869518E-002
  0.316728E+001  0.553012E+000  0.000000E+000  0.867940E-002
  0.316732E+001  0.554011E+000  0.000000E+000  0.866368E-002
  0.316736E+001  0.555011E+000  0.000000E+000  0.864802E-002
  0.316740E+001  0.556010E+000  0.000000E+000  0.863241E-002
  0.316744E+001  0.557009E+000  0.000000E+000  0.861686E-002
  0.316748E+001  0.558008E+000  0.000000E+000  0.860136E-002
  0.316752E+001  0.559007E+000  0.000000E+000  0.858592E-002
  0.316756E+001  0.560007E+000  0.000000E+000  0.857054E-002
  0.316760E+001  0.561006E+000  0.000000E+000  0.855520E-002
  0.316764E+001  0.562005E+000  0.000000E+000  0.853993E-002
  0.316768E+001  0.563004E+000  0.000000E+000  0.852471E-002
  0.316772E+001  0.564003E+000  0.000000E+000  0.850954E-002
  0.316776E+001  0.565002E+000  0.000000E+000  0.849442E-002
  0.316780E+001  0.566002E+000  0.000000E+000  0.847936E-002
  0.316784E+001  0.567001E+000  0.000000E+000  0.846435E-002
  0.316788E+001  0.568000E+000  0.000000E+000  0.844939E-002
  0.316792E+001  0.568999E+000  0.000000E+000  0.843449E-002
  0.316796E+001  0.569998E+000  0.000000E+000  0.841964E-002
  0.316800E+001  0.570997E+000  0.000000E+000  0.840484E-002
  0.316805E+001  0.571997E+000  0.000000E+000  0.839009E-002
  0.316809E+001  0.572996E+000  0.000000E+000  0.837539E-002
  0.316813E+001  0.573995E+000  0.000000E+000  0.836075E-002
  0.316817E+001  0.574994E+000  0.000000E+000  0.834615E-002
  0.316821E+001  0.575993E+000  0.000000E+000  0.833161E-002
  0.316825E+001  0.576992E+000  0.000000E+000  0.831711E-002
  0.316829E+001  0.577991E+000  0.000000E+000  0.830267E-002
  0.316833E+001  0.578991E+000  0.000000E+000  0.828828E-002
  0.316838E+001  0.579990E+000  0.000000E+000  0.827393E-002
  0.316842E+001  0.580989E+000  0.000000E+000  0.825964E-002
  0.316846E+001  0.581988E+000  0.000000E+000  0.824539E-002
  0.316850E+001  0.582987E+000  0.000000E+000  0.823119E-002
  0.316854E+001  0.583986E+000  0.000000E+000  0.821704E-002
  0.316859E+001  0.584985E+000  0.000000E+000  0.820294E-002
  0.316863E+001  0.585984E+000  0.000000E+000  0.818889E-002
  0.316867E+001  0.586984E+000  0.000000E+000  0.817488E-002
  0.316871E+001  0.587983E+000  0.000000E+000  0.816092E-002
  0.316875E+001  0.588982E+000  0.000000E+000  0.814701E-002
  0.316880E+001  0.589981E+000  0.000000E+000  0.813315E-002
  0.316884E+001  0.590980E+000  0.000000E+000  0.811933E-002
  0.316888E+001  0.591979E+000  0.000000E+000  0.810556E-002
  0.316892E+001  0.592978E+000  0.000000E+000  0.809184E-002
  0.316897E+001  0.593977E+000  0.000000E+000  0.807816E-002
  0.316901E+001  0.594976E+000  0.000000E+000  0.806453E-002
  0.316905E+001  0.595975E+000  0.000000E+000  0.805094E-002
  0.316910E+001  0.596975E+000  0.000000E+000  0.803740E-002
  0.316914E+001  0.597974E+000  0.000000E+000  0.802390E-002
  0.316918E+001  0.598973E+000  0.000000E+000  0.801045E-002
  0.316922E+001  0.599972E+000  0.000000E+000  0.799705E-002
  0.316927E+001  0.600971E+000  0.000000E+000  0.798368E-002
  0.316931E+001  0.601970E+000  0.000000E+000  0.797037E-002
  0.316935E+001  0.602969E+000  0.000000E+000  0.795709E-002
  0.316940E+001  0.603968E+000  0.000000E+000  0.794386E-002
  0.316944E+001  0.604967E+000  0.000000E+000  0.793068E-002
  0.316949E+001  0.605966E+000  0.000000E+000  0.791753E-002
  0.316953E+001  0.606965E+000  0.000000E+000  0.790443E-002
  0.316957E+001  0.607964E+000  0.000000E+000  0.789138E-002
  0.316962E+001  0.608963E+000  0.000000E+000  0.787836E-002
  0.316966E+001  0.609962E+000  0.000000E+000  0.786539E-002
  0.316970E+001  0.610961E+000  0.000000E+000  0.785246E-002
  0.316975E+001  0.611960E+000  0.000000E+000  0.783958E-002
  0.316979E+001  0.612959E+000  0.000000E+000  0.782673E-002
  0.316984E+001  0.613958E+000  0.000000E+000  0.781393E-002
  0.316988E+001  0.614957E+000  0.000000E+000  0.780117E-002
  0.316992E+001  0.615956E+000  0.000000E+000  0.778844E-002
  0.316997E+001  0.616955E+000  0.000000E+000  0.777577E-002
  0.317001E+001  0.617954E+000  0.000000E+000  0.776313E-002
  0.317006E+001  0.618953E+000  0.000000E+000  0.775053E-002
  0.317010E+001  0.619952E+000  0.000000E+000  0.773797E-002
  0.317015E+001  0.620951E+000  0.000000E+000  0.772545E-002
  0.317019E+001  0.621951E+000  0.000000E+000  0.771298E-002
  0.317024E+001  0.622949E+000  0.000000E+000  0.770054E-002
  0.317028E+001  0.623948E+000  0.000000E+000  0.768814E-002
  0.317033E+001  0.624947E+000  0.000000E+000  0.767579E-002
  0.317037E+001  0.625946E+000  0.000000E+000  0.766347E-002
  0.317042E+001  0.626945E+000  0.000000E+000  0.765119E-002
  0.317046E+001  0.627944E+000  0.000000E+000  0.763895E-002
  0.317051E+001  0.628943E+000  0.000000E+000  0.762675E-002
  0.317055E+001  0.629942E+000  0.000000E+000  0.761458E-002
  0.317060E+001  0.630941E+000  0.000000E+000  0.760246E-002
  0.317064E+001  0.631940E+000  0.000000E+000  0.759037E-002
  0.317069E+001  0.632939E+000  0.000000E+000  0.757833E-002
  0.317073E+001  0.633938E+000  0.000000E+000  0.756632E-002
  0.317078E+001  0.634937E+000  0.000000E+000  0.755434E-002
  0.317082E+001  0.635936E+000  0.000000E+000  0.754241E-002
  0.317087E+001  0.636935E+000  0.000000E+000  0.753051E-002
  0.317092E+001  0.637934E+000  0.000000E+000  0.751865E-002
  0.317096E+001  0.638933E+000  0.000000E+000  0.750683E-002
  0.317101E+001  0.639932E+000  0.000000E+000  0.749504E-002
  0.317105E+001  0.640931E+000  0.000000E+000  0.748329E-002
  0.317110E+001  0.641930E+000  0.000000E+000  0.747158E-002
  0.317115E+001  0.642929E+000  0.000000E+000  0.745990E-002
  0.317119E+001  0.643928E+000  0.000000E+000  0.744826E-002
  0.317124E+001  0.644927E+000  0.000000E+000  0.743665E-002
  0.317128E+001  0.645926E+000  0.000000E+000  0.742508E-002
  0.317133E+001  0.646924E+000  0.000000E+000  0.741355E-002
  0.317138E+001  0.647923E+000  0.000000E+000  0.740205E-002
  0.317142E+001  0.648922E+000  0.000000E+000  0.739059E-002
  0.317147E+001  0.649921E+000  0.000000E+000  0.737916E-002
  0.317152E+001  0.650920E+000  0.000000E+000  0.736777E-002
  0.317156E+001  0.651919E+000  0.000000E+000  0.735641E-002
  0.317161E+001  0.652918E+000  0.000000E+000  0.734509E-002
  0.317166E+001  0.653917E+000  0.000000E+000  0.733380E-002
  0.317171E+001  0.654916E+000  0.000000E+000  0.732255E-002
  0.317175E+001  0.655915E+000  0.000000E+000  0.731133E-002
  0.317180E+001  0.656914E+000  0.000000E+000  0.730014E-002
  0.317185E+001  0.657912E+000  0.000000E+000  0.728899E-002
  0.317189E+001  0.658911E+000  0.000000E+000  0.727787E-002
  0.317194E+001  0.659910E+000  0.000000E+000  0.726678E-002
  0.317199E+001  0.660909E+000  0.000000E+000  0.725573E-002
  0.317204E+001  0.661908E+000  0.000000E+000  0.724472E-002
  0.317208E+001  0.662907E+000  0.000000E+000  0.723373E-002
  0.317213E+001  0.663906E+000  0.000000E+000  0.722278E-002
  0.317218E+001  0.664904E+000  0.000000E+000  0.721186E-002
  0.317223E+001  0.665903E+000  0.000000E+000  0.720097E-002
  0.317228E+001  0.666902E+000  0.000000E+000  0.719012E-002
  0.317232E+001  0.667901E+000  0.000000E+000  0.717930E-002
  0.317237E+001  0.668900E+000  0.000000E+000  0.716851E-002
  0.317242E+001  0.669899E+000  0.000000E+000  0.715775E-002
  0.317247E+001  0.670898E+000  0.000000E+000  0.714702E-002
  0.317252E+001  0.671896E+000  0.000000E+000  0.713633E-002
  0.317256E+001  0.672895E+000  0.000000E+000  0.712567E-002
  0.317261E+001  0.673894E+000  0.000000E+000  0.711504E-002
  0.317266E+001  0.674893E+000  0.000000E+000  0.710444E-002
  0.317271E+001  0.675892E+000  0.000000E+000  0.709387E-002
  0.317276E+001  0.676891E+000  0.000000E+000  0.708334E-002
  0.317281E+001  0.677889E+000  0.000000E+000  0.707283E-002
  0.317286E+001  0.678888E+000  0.000000E+000  0.706236E-002
  0.317290E+001  0.679887E+000  0.000000E+000  0.705191E-002
  0.317295E+001  0.680886E+000  0.000000E+000  0.704150E-002
  0.317300E+001  0.681885E+000  0.000000E+000  0.703111E-002
  0.317305E+001  0.682883E+000  0.000000E+000  0.702076E-002
  0.317310E+001  0.683882E+000  0.000000E+000  0.701044E-002
  0.317315E+001  0.684881E+000  0.000000E+000  0.700015E-002
  0.317320E+001  0.685880E+000  0.000000E+000  0.698988E-002
  0.317325E+001  0.686879E+000  0.000000E+000  0.697965E-002
  0.317330E+001  0.687877E+000  0.000000E+000  0.696945E-002
  0.317335E+001  0.688876E+000  0.000000E+000  0.695927E-002
  0.317340E+001  0.689875E+000  0.000000E+000  0.694913E-002
  0.317345E+001  0.690874E+000  0.000000E+000  0.693901E-002
  0.317350E+001  0.691872E+000  0.000000E+000  0.692893E-002
  0.317355E+001  0.692871E+000  0.000000E+000  0.691887E-002
  0.317359E+001  0.693870E+000  0.000000E+000  0.690884E-002
  0.317364E+001  0.694869E+000  0.000000E+000  0.689884E-002
  0.317369E+001  0.695867E+000  0.000000E+000  0.688887E-002
  0.317374E+001  0.696866E+000  0.000000E+000  0.687893E-002
  0.317379E+001  0.697865E+000  0.000000E+000  0.686902E-002
  0.317384E+001  0.698864E+000  0.000000E+000  0.685913E-002
  0.317390E+001  0.699862E+000  0.000000E+000  0.684927E-002
  0.317395E+001  0.700861E+000  0.000000E+000  0.683944E-002
  0.317400E+001  0.701860E+000  0.000000E+000  0.682964E-002
  0.317405E+001  0.702859E+000  0.000000E+000  0.681987E-002
  0.317410E+001  0.703857E+000  0.000000E+000  0.681012E-002
  0.317415E+001  0.704856E+000  0.000000E+000  0.680040E-002
  0.317420E+001  0.705855E+000  0.000000E+000  0.679071E-002
  0.317425E+001  0.706853E+000  0.000000E+000  0.678105E-002
  0.317430E+001  0.707852E+000  0.000000E+000  0.677141E-002
  0.317435E+001  0.708851E+000  0.000000E+000  0.676180E-002
  0.317440E+001  0.709850E+000  0.000000E+000  0.675222E-002
  0.317445E+001  0.710848E+000  0.000000E+000  0.674266E-002
  0.317450E+001  0.711847E+000  0.000000E+000  0.673314E-002
  0.317455E+001  0.712846E+000  0.000000E+000  0.672363E-002
  0.317461E+001  0.713844E+000  0.000000E+000  0.671416E-002
  0.317466E+001  0.714843E+000  0.000000E+000  0.670471E-002
  0.317471E+001  0.715842E+000  0.000000E+000  0.669528E-002
  0.317476E+001  0.716840E+000  0.000000E+000  0.668589E-002
  0.317481E+001  0.717839E+000  0.000000E+000  0.667652E-002
  0.317486E+001  0.718838E+000  0.000000E+000  0.666717E-002
  0.317491E+001  0.719836E+000  0.000000E+000  0.665785E-002
  0.317497E+001  0.720835E+000  0.000000E+000  0.664856E-002
  0.317502E+001  0.721834E+000  0.000000E+000  0.663929E-002
  0.317507E+001  0.722832E+000  0.000000E+000  0.663005E-002
  0.317512E+001  0.723831E+000  0.000000E+000  0.662083E-002
  0.317517E+001  0.724830E+000  0.000000E+000  0.661164E-002
  0.317523E+001  0.725828E+000  0.000000E+000  0.660247E-002
  0.317528E+001  0.726827E+000  0.000000E+000  0.659333E-002
  0.317533E+001  0.727826E+000  0.000000E+000  0.658422E-002
  0.317538E+001  0.728824E+000  0.000000E+000  0.657513E-002
  0.317544E+001  0.729823E+000  0.000000E+000  0.656606E-002
  0.317549E+001  0.730821E+000  0.000000E+000  0.655702E-002
  0.317554E+001  0.731820E+000  0.000000E+000  0.654800E-002
  0.317559E+001  0.732819E+000  0.000000E+000  0.653901E-002
  0.317565E+001  0.733817E+000  0.000000E+000  0.653004E-002
  0.317570E+001  0.734816E+000  0.000000E+000  0.652110E-002
  0.317575E+001  0.735815E+000  0.000000E+000  0.651218E-002
  0.317580E+001  0.736813E+000  0.000000E+000  0.650328E-002
  0.317586E+001  0.737812E+000  0.000000E+000  0.649441E-002
  0.317591E+001  0.738810E+000  0.000000E+000  0.648556E-002
  0.317596E+001  0.739809E+000  0.000000E+000  0.647674E-002
  0.317602E+001  0.740807E+000  0.000000E+000  0.646794E-002
  0.317607E+001  0.741806E+000  0.000000E+000  0.645916E-002
  0.317612E+001  0.742805E+000  0.000000E+000  0.645041E-002
  0.317618E+001  0.743803E+000  0.000000E+000  0.644168E-002
  0.317623E+001  0.744802E+000  0.000000E+000  0.643297E-002
  0.317628E+001  0.745800E+000  0.000000E+000  0.642429E-002
  0.317634E+001  0.746799E+000  0.000000E+000  0.641563E-002
  0.317639E+001  0.747797E+000  0.000000E+000  0.640699E-002
  0.317644E+001  0.748796E+000  0.000000E+000  0.639838E-002
  0.317650E+001  0.749795E+000  0.000000E+000  0.638979E-002
  0.317655E+001  0.750793E+000  0.000000E+000  0.638122E-002
  0.317661E+001  0.751792E+000  0.000000E+000  0.637268E-002
  0.317666E+001  0.752790E+000  0.000000E+000  0.636415E-002
  0.317671E+001  0.753789E+000  0.000000E+000  0.635565E-002
  0.317677E+001  0.754787E+000  0.000000E+000  0.634718E-002
  0.317682E+001  0.755786E+000  0.000000E+000  0.633872E-002
  0.317688E+001  0.756784E+000  0.000000E+000  0.633029E-002
  0.317693E+001  0.757783E+000  0.000000E+000  0.632188E-002
  0.317699E+001  0.758781E+000  0.000000E+000  0.631349E-002
  0.317704E+001  0.759780E+000  0.000000E+000  0.630512E-002
  0.317709E+001  0.760778E+000  0.000000E+000  0.629678E-002
  0.317715E+001  0.761777E+000  0.000000E+000  0.628845E-002
  0.317720E+001  0.762775E+000  0.000000E+000  0.628015E-002
  0.317726E+001  0.763774E+000  0.000000E+000  0.627187E-002
  0.317731E+001  0.764772E+000  0.000000E+000  0.626361E-002
  0.317737E+001  0.765771E+000  0.000000E+000  0.625538E-002
  0.317742E+001  0.766769E+000  0.000000E+000  0.624716E-002
  0.317748E+001  0.767768E+000  0.000000E+000  0.623897E-002
  0.317753E+001  0.768766E+000  0.000000E+000  0.623079E-002
  0.317759E+001  0.769765E+000  0.000000E+000  0.622264E-002
  0.317764E+001  0.770763E+000  0.000000E+000  0.621451E-002
  0.317770E+001  0.771762E+000  0.000000E+000  0.620640E-002
  0.317775E+001  0.772760E+000  0.000000E+000  0.619831E-002
  0.317781E+001  0.773759E+000  0.000000E+000  0.619024E-002
  0.317787E+001  0.774757E+000  0.000000E+000  0.618220E-002
  0.317792E+001  0.775756E+000  0.000000E+000  0.617417E-002
  0.317798E+001  0.776754E+000  0.000000E+000  0.616616E-002
  0.317803E+001  0.777752E+000  0.000000E+000  0.615818E-002
  0.317809E+001  0.778751E+000  0.000000E+000  0.615021E-002
  0.317814E+001  0.779749E+000  0.000000E+000  0.614227E-002
  0.317820E+001  0.780748E+000  0.000000E+000  0.613434E-002
  0.317826E+001  0.781746E+000  0.000000E+000  0.612644E-002
  0.317831E+001  0.782745E+000  0.000000E+000  0.611855E-002
  0.317837E+001  0.783743E+000  0.000000E+000  0.611069E-002
  0.317843E+001  0.784741E+000  0.000000E+000  0.610284E-002
  0.317848E+001  0.785740E+000  0.000000E+000  0.609502E-002
  0.317854E+001  0.786738E+000  0.000000E+000  0.608721E-002
  0.317859E+001  0.787737E+000  0.000000E+000  0.607943E-002
  0.317865E+001  0.788735E+000  0.000000E+000  0.607166E-002
  0.317871E+001  0.789733E+000  0.000000E+000  0.606392E-002
  0.317876E+001  0.790732E+000  0.000000E+000  0.605619E-002
  0.317882E+001  0.791730E+000  0.000000E+000  0.604849E-002
  0.317888E+001  0.792729E+000  0.000000E+000  0.604080E-002
  0.317894E+001  0.793727E+000  0.000000E+000  0.603313E-002
  0.317899E+001  0.794725E+000  0.000000E+000  0.602548E-002
  0.317905E+001  0.795724E+000  0.000000E+000  0.601785E-002
  0.317911E+001  0.796722E+000  0.000000E+000  0.601024E-002
  0.317916E+001  0.797720E+000  0.000000E+000  0.600265E-002
  0.317922E+001  0.798719E+000  0.000000E+000  0.599507E-002
  0.317928E+001  0.799717E+000  0.000000E+000  0.598752E-002
  0.317934E+001  0.800716E+000  0.000000E+000  0.597998E-002
  0.317939E+001  0.801714E+000  0.000000E+000  0.597247E-002
  0.317945E+001  0.802712E+000  0.000000E+000  0.596497E-002
  0.317951E+001  0.803711E+000  0.000000E+000  0.595749E-002
  0.317957E+001  0.804709E+000  0.000000E+000  0.595003E-002
  0.317962E+001  0.805707E+000  0.000000E+000  0.594259E-002
  0.317968E+001  0.806706E+000  0.000000E+000  0.593516E-002
  0.317974E+001  0.807704E+000  0.000000E+000  0.592776E-002
  0.317980E+001  0.808702E+000  0.000000E+000  0.592037E-002
  0.317986E+001  0.809701E+000  0.000000E+000  0.591300E-002
  0.317991E+001  0.810699E+000  0.000000E+000  0.590565E-002
  0.317997E+001  0.811697E+000  0.000000E+000  0.589832E-002
  0.318003E+001  0.812695E+000  0.000000E+000  0.589100E-002
  0.318009E+001  0.813694E+000  0.000000E+000  0.588370E-002
  0.318015E+001  0.814692E+000  0.000000E+000  0.587642E-002
  0.318021E+001  0.815690E+000  0.000000E+000  0.586916E-002
  0.318026E+001  0.816689E+000  0.000000E+000  0.586192E-002
  0.318032E+001  0.817687E+000  0.000000E+000  0.585469E-002
  0.318038E+001  0.818685E+000  0.000000E+000  0.584748E-002
  0.318044E+001  0.819683E+000  0.000000E+000  0.584029E-002
  0.318050E+001  0.820682E+000  0.000000E+000  0.583311E-002
  0.318056E+001  0.821680E+000  0.000000E+000  0.582596E-002
  0.318062E+001  0.822678E+000  0.000000E+000  0.581882E-002
  0.318068E+001  0.823676E+000  0.000000E+000  0.581170E-002
  0.318073E+001  0.824675E+000  0.000000E+000  0.580459E-002
  0.318079E+001  0.825673E+000  0.000000E+000  0.579750E-002
  0.318085E+001  0.826671E+000  0.000000E+000  0.579043E-002
  0.318091E+001  0.827669E+000  0.000000E+000  0.578338E-002
  0.318097E+001  0.828668E+000  0.000000E+000  0.577634E-002
  0.318103E+001  0.829666E+000  0.000000E+000  0.576932E-002
  0.318109E+001  0.830664E+000  0.000000E+000  0.576232E-002
  0.318115E+001  0.831662E+000  0.000000E+000  0.575533E-002
  0.318121E+001  0.832661E+000  0.000000E+000  0.574836E-002
  0.318127E+001  0.833659E+000  0.000000E+000  0.574141E-002
  0.318133E+001  0.834657E+000  0.000000E+000  0.573447E-002
  0.318139E+001  0.835655E+000  0.000000E+000  0.572755E-002
  0.318145E+001  0.836653E+000  0.000000E+000  0.572065E-002
  0.318151E+001  0.837652E+000  0.000000E+000  0.571376E-002
  0.318157E+001  0.838650E+000  0.000000E+000  0.570689E-002
  0.318163E+001  0.839648E+000  0.000000E+000  0.570004E-002
  0.318169E+001  0.840646E+000  0.000000E+000  0.569320E-002
  0.318175E+001  0.841644E+000  0.000000E+000  0.568638E-002
  0.318181E+001  0.842643E+000  0.000000E+000  0.567957E-002
  0.318187E+001  0.843641E+000  0.000000E+000  0.567278E-002
  0.318193E+001  0.844639E+000  0.000000E+000  0.566600E-002
  0.318199E+001  0.845637E+000  0.000000E+000  0.565925E-002
  0.318205E+001  0.846635E+000  0.000000E+000  0.565250E-002
  0.318211E+001  0.847633E+000  0.000000E+000  0.564578E-002
  0.318218E+001  0.848631E+000  0.000000E+000  0.563907E-002
  0.318224E+001  0.849630E+000  0.000000E+000  0.563237E-002
  0.318230E+001  0.850628E+000  0.000000E+000  0.562569E-002
  0.318236E+001  0.851626E+000  0.000000E+000  0.561903E-002
  0.318242E+001  0.852624E+000  0.000000E+000  0.561238E-002
  0.318248E+001  0.853622E+000  0.000000E+000  0.560575E-002
  0.318254E+001  0.854620E+000  0.000000E+000  0.559913E-002
  0.318260E+001  0.855618E+000  0.000000E+000  0.559253E-002
  0.318266E+001  0.856616E+000  0.000000E+000  0.558594E-002
  0.318273E+001  0.857615E+000  0.000000E+000  0.557937E-002
  0.318279E+001  0.858613E+000  0.000000E+000  0.557282E-002
  0.318285E+001  0.859611E+000  0.000000E+000  0.556627E-002
  0.318291E+001  0.860609E+000  0.000000E+000  0.555975E-002
  0.318297E+001  0.861607E+000  0.000000E+000  0.555324E-002
  0.318303E+001  0.862605E+000  0.000000E+000  0.554674E-002
  0.318310E+001  0.863603E+000  0.000000E+000  0.554026E-002
  0.318316E+001  0.864601E+000  0.000000E+000  0.553380E-002
  0.318322E+001  0.865599E+000  0.000000E+000  0.552735E-002
  0.318328E+001  0.866597E+000  0.000000E+000  0.552091E-002
  0.318334E+001  0.867595E+000  0.000000E+000  0.551449E-002
  0.318341E+001  0.868594E+000  0.000000E+000  0.550808E-002
  0.318347E+001  0.869592E+000  0.000000E+000  0.550169E-002
  0.318353E+001  0.870590E+000  0.000000E+000  0.549531E-002
  0.318359E+001  0.871588E+000  0.000000E+000  0.548895E-002
  0.318366E+001  0.872586E+000  0.000000E+000  0.548260E-002
  0.318372E+001  0.873584E+000  0.000000E+000  0.547627E-002
  0.318378E+001  0.874582E+000  0.000000E+000  0.546995E-002
  0.318384E+001  0.875580E+000  0.000000E+000  0.546364E-002
  0.318391E+001  0.876578E+000  0.000000E+000  0.545735E-002
  0.318397E+001  0.877576E+000  0.000000E+000  0.545107E-002
  0.318403E+001  0.878574E+000  0.000000E+000  0.544481E-002
  0.318410E+001  0.879572E+000  0.000000E+000  0.543856E-002
  0.318416E+001  0.880570E+000  0.000000E+000  0.543233E-002
  0.318422E+001  0.881568E+000  0.000000E+000  0.542611E-002
  0.318429E+001  0.882566E+000  0.000000E+000  0.541990E-002
  0.318435E+001  0.883564E+000  0.000000E+000  0.541371E-002
  0.318441E+001  0.884562E+000  0.000000E+000  0.540753E-002
  0.318448E+001  0.885560E+000  0.000000E+000  0.540137E-002
  0.318454E+001  0.886558E+000  0.000000E+000  0.539522E-002
  0.318460E+001  0.887556E+000  0.000000E+000  0.538908E-002
  0.318467E+001  0.888554E+000  0.000000E+000  0.538296E-002
  0.318473E+001  0.889552E+000  0.000000E+000  0.537685E-002
  0.318479E+001  0.890550E+000  0.000000E+000  0.537075E-002
  0.318486E+001  0.891548E+000  0.000000E+000  0.536467E-002
  0.318492E+001  0.892546E+000  0.000000E+000  0.535860E-002
  0.318499E+001  0.893544E+000  0.000000E+000  0.535255E-002
  0.318505E+001  0.894542E+000  0.000000E+000  0.534651E-002
  0.318511E+001  0.895539E+000  0.000000E+000  0.534048E-002
  0.318518E+001  0.896537E+000  0.000000E+000  0.533446E-002
  0.318524E+001  0.897535E+000  0.000000E+000  0.532846E-002
  0.318531E+001  0.898533E+000  0.000000E+000  0.532247E-002
  0.318537E+001  0.899531E+000  0.000000E+000  0.531650E-002
  0.318544E+001  0.900529E+000  0.000000E+000  0.531054E-002
  0.318550E+001  0.901527E+000  0.000000E+000  0.530459E-002
  0.318557E+001  0.902525E+000  0.000000E+000  0.529865E-002
  0.318563E+001  0.903523E+000  0.000000E+000  0.529273E-002
  0.318569E+001  0.904521E+000  0.000000E+000  0.528682E-002
  0.318576E+001  0.905519E+000  0.000000E+000  0.528092E-002
  0.318582E+001  0.906516E+000  0.000000E+000  0.527504E-002
  0.318589E+001  0.907514E+000  0.000000E+000  0.526917E-002
  0.318595E+001  0.908512E+000  0.000000E+000  0.526331E-002
  0.318602E+001  0.909510E+000  0.000000E+000  0.525747E-002
  0.318609E+001  0.910508E+000  0.000000E+000  0.525163E-002
  0.318615E+001  0.911506E+000  0.000000E+000  0.524581E-002
  0.318622E+001  0.912504E+000  0.000000E+000  0.524001E-002
  0.318628E+001  0.913502E+000  0.000000E+000  0.523421E-002
  0.318635E+001  0.914499E+000  0.000000E+000  0.522843E-002
  0.318641E+001  0.915497E+000  0.000000E+000  0.522266E-002
  0.318648E+001  0.916495E+000  0.000000E+000  0.521691E-002
  0.318654E+001  0.917493E+000  0.000000E+000  0.521116E-002
  0.318661E+001  0.918491E+000  0.000000E+000  0.520543E-002
  0.318668E+001  0.919489E+000  0.000000E+000  0.519971E-002
  0.318674E+001  0.920486E+000  0.000000E+000  0.519400E-002
  0.318681E+001  0.921484E+000  0.000000E+000  0.518831E-002
  0.318687E+001  0.922482E+000  0.000000E+000  0.518263E-002
  0.318694E+001  0.923480E+000  0.000000E+000  0.517696E-002
  0.318701E+001  0.924478E+000  0.000000E+000  0.517130E-002
  0.318707E+001  0.925476E+000  0.000000E+000  0.516565E-002
  0.318714E+001  0.926473E+000  0.000000E+000  0.516002E-002
  0.318720E+001  0.927471E+000  0.000000E+000  0.515440E-002
  0.318727E+001  0.928469E+000  0.000000E+000  0.514879E-002
  0.318734E+001  0.929467E+000  0.000000E+000  0.514319E-002
  0.318740E+001  0.930464E+000  0.000000E+000  0.513761E-002
  0.318747E+001  0.931462E+000  0.000000E+000  0.513203E-002
  0.318754E+001  0.932460E+000  0.000000E+000  0.512647E-002
  0.318760E+001  0.933458E+000  0.000000E+000  0.512092E-002
  0.318767E+001  0.934456E+000  0.000000E+000  0.511538E-002
  0.318774E+001  0.935453E+000  0.000000E+000  0.510986E-002
  0.318781E+001  0.936451E+000  0.000000E+000  0.510434E-002
  0.318787E+001  0.937449E+000  0.000000E+000  0.509884E-002
  0.318794E+001  0.938446E+000  0.000000E+000  0.509335E-002
  0.318801E+001  0.939444E+000  0.000000E+000  0.508787E-002
  0.318807E+001  0.940442E+000  0.000000E+000  0.508240E-002
  0.318814E+001  0.941440E+000  0.000000E+000  0.507694E-002
  0.318821E+001  0.942437E+000  0.000000E+000  0.507150E-002
  0.318828E+001  0.943435E+000  0.000000E+000  0.506606E-002
  0.318834E+001  0.944433E+000  0.000000E+000  0.506064E-002
  0.318841E+001  0.945431E+000  0.000000E+000  0.505523E-002
  0.318848E+001  0.946428E+000  0.000000E+000  0.504983E-002
  0.318855E+001  0.947426E+000  0.000000E+000  0.504444E-002
  0.318862E+001  0.948424E+000  0.000000E+000  0.503907E-002
  0.318868E+001  0.949421E+000  0.000000E+000  0.503370E-002
  0.318875E+001  0.950419E+000  0.000000E+000  0.502835E-002
  0.318882E+001  0.951417E+000  0.000000E+000  0.502300E-002
  0.318889E+001  0.952414E+000  0.000000E+000  0.501767E-002
  0.318896E+001  0.953412E+000  0.000000E+000  0.501235E-002
  0.318902E+001  0.954410E+000  0.000000E+000  0.500704E-002
  0.318909E+001  0.955407E+000  0.000000E+000  0.500174E-002
  0.318916E+001  0.956405E+000  0.000000E+000  0.499645E-002
  0.318923E+001  0.957403E+000  0.000000E+000  0.499118E-002
  0.318930E+001  0.958400E+000  0.000000E+000  0.498591E-002
  0.318937E+001  0.959398E+000  0.000000E+000  0.498065E-002
  0.318944E+001  0.960396E+000  0.000000E+000  0.497541E-002
  0.318950E+001  0.961393E+000  0.000000E+000  0.497018E-002
  0.318957E+001  0.962391E+000  0.000000E+000  0.496495E-002
  0.318964E+001  0.963388E+000  0.000000E+000  0.495974E-002
  0.318971E+001  0.964386E+000  0.000000E+000  0.495454E-002
  0.318978E+001  0.965384E+000  0.000000E+000  0.494935E-002
  0.318985E+001  0.966381E+000  0.000000E+000  0.494417E-002
  0.318992E+001  0.967379E+000  0.000000E+000  0.493900E-002
  0.318999E+001  0.968376E+000  0.000000E+000  0.493384E-002
  0.319006E+001  0.969374E+000  0.000000E+000  0.492870E-002
  0.319013E+001  0.970372E+000  0.000000E+000  0.492356E-002
  0.319020E+001  0.971369E+000  0.000000E+000  0.491843E-002
  0.319027E+001  0.972367E+000  0.000000E+000  0.491332E-002
  0.319034E+001  0.973364E+000  0.000000E+000  0.490821E-002
  0.319041E+001  0.974362E+000  0.000000E+000  0.490311E-002
  0.319048E+001  0.975359E+000  0.000000E+000  0.489803E-002
  0.319055E+001  0.976357E+000  0.000000E+000  0.489295E-002
  0.319062E+001  0.977355E+000  0.000000E+000  0.488789E-002
  0.319069E+001  0.978352E+000  0.000000E+000  0.488284E-002
  0.319076E+001  0.979350E+000  0.000000E+000  0.487779E-002
  0.319083E+001  0.980347E+000  0.000000E+000  0.487276E-002
  0.319090E+001  0.981345E+000  0.000000E+000  0.486774E-002
  0.319097E+001  0.982342E+000  0.000000E+000  0.486272E-002
  0.319104E+001  0.983340E+000  0.000000E+000  0.485772E-002
  0.319111E+001  0.984337E+000  0.000000E+000  0.485273E-002
  0.319118E+001  0.985335E+000  0.000000E+000  0.484774E-002
  0.319125E+001  0.986332E+000  0.000000E+000  0.484277E-002
  0.319132E+001  0.987330E+000  0.000000E+000  0.483781E-002
  0.319139E+001  0.988327E+000  0.000000E+000  0.483285E-002
  0.319146E+001  0.989325E+000  0.000000E+000  0.482791E-002
  0.319153E+001  0.990322E+000  0.000000E+000  0.482298E-002
  0.319160E+001  0.991320E+000  0.000000E+000  0.481805E-002
  0.319167E+001  0.992317E+000  0.000000E+000  0.481314E-002
  0.319174E+001  0.993315E+000  0.000000E+000  0.480824E-002
  0.319182E+001  0.994312E+000  0.000000E+000  0.480334E-002
  0.319189E+001  0.995310E+000  0.000000E+000  0.479846E-002
  0.319196E+001  0.996307E+000  0.000000E+000  0.479358E-002
  0.319203E+001  0.997305E+000  0.000000E+000  0.478872E-002
  0.319210E+001  0.998302E+000  0.000000E+000  0.478386E-002
  0.319217E+001  0.999299E+000  0.000000E+000  0.477902E-002
  0.319224E+001  0.100030E+001  0.000000E+000  0.477418E-002
  0.319232E+001  0.100129E+001  0.000000E+000  0.476936E-002
  0.319239E+001  0.100229E+001  0.000000E+000  0.476454E-002
  0.319246E+001  0.100329E+001  0.000000E+000  0.475973E-002
  0.319253E+001  0.100429E+001  0.000000E+000  0.475494E-002
  0.319260E+001  0.100528E+001  0.000000E+000  0.475015E-002
  0.319268E+001  0.100628E+001  0.000000E+000  0.474537E-002
  0.319275E+001  0.100728E+001  0.000000E+000  0.474060E-002
  0.319282E+001  0.100828E+001  0.000000E+000  0.473584E-002
  0.319289E+001  0.100927E+001  0.000000E+000  0.473109E-002
  0.319296E+001  0.101027E+001  0.000000E+000  0.472635E-002
  0.319304E+001  0.101127E+001  0.000000E+000  0.472162E-002
  0.319311E+001  0.101227E+001  0.000000E+000  0.471689E-002
  0.319318E+001  0.101326E+001  0.000000E+000  0.471218E-002
  0.319325E+001  0.101426E+001  0.000000E+000  0.470748E-002
  0.319333E+001  0.101526E+001  0.000000E+000  0.470278E-002
  0.319340E+001  0.101626E+001  0.000000E+000  0.469810E-002
  0.319347E+001  0.101725E+001  0.000000E+000  0.469342E-002
  0.319354E+001  0.101825E+001  0.000000E+000  0.468875E-002
  0.319362E+001  0.101925E+001  0.000000E+000  0.468409E-002
  0.319369E+001  0.102024E+001  0.000000E+000  0.467944E-002
  0.319376E+001  0.102124E+001  0.000000E+000  0.467480E-002
  0.319384E+001  0.102224E+001  0.000000E+000  0.467017E-002
  0.319391E+001  0.102324E+001  0.000000E+000  0.466555E-002
  0.319398E+001  0.102423E+001  0.000000E+000  0.466094E-002
  0.319406E+001  0.102523E+001  0.000000E+000  0.465633E-002
  0.319413E+001  0.102623E+001  0.000000E+000  0.465174E-002
  0.319420E+001  0.102723E+001  0.000000E+000  0.464715E-002
  0.319428E+001  0.102822E+001  0.000000E+000  0.464257E-002
  0.319435E+001  0.102922E+001  0.000000E+000  0.463800E-002
  0.319442E+001  0.103022E+001  0.000000E+000  0.463344E-002
  0.319450E+001  0.103121E+001  0.000000E+000  0.462889E-002
  0.319457E+001  0.103221E+001  0.000000E+000  0.462435E-002
  0.319465E+001  0.103321E+001  0.000000E+000  0.461982E-002
  0.319472E+001  0.103421E+001  0.000000E+000  0.461529E-002
  0.319479E+001  0.103520E+001  0.000000E+000  0.461078E-002
  0.319487E+001  0.103620E+001  0.000000E+000  0.460627E-002
  0.319494E+001  0.103720E+001  0.000000E+000  0.460177E-002
  0.319502E+001  0.103820E+001  0.000000E+000  0.459728E-002
  0.319509E+001  0.103919E+001  0.000000E+000  0.459280E-002
  0.319517E+001  0.104019E+001  0.000000E+000  0.458832E-002
  0.319524E+001  0.104119E+001  0.000000E+000  0.458386E-002
  0.319531E+001  0.104218E+001  0.000000E+000  0.457940E-002
  0.319539E+001  0.104318E+001  0.000000E+000  0.457495E-002
  0.319546E+001  0.104418E+001  0.000000E+000  0.457051E-002
  0.319554E+001  0.104518E+001  0.000000E+000  0.456608E-002
  0.319561E+001  0.104617E+001  0.000000E+000  0.456166E-002
  0.319569E+001  0.104717E+001  0.000000E+000  0.455725E-002
  0.319576E+001  0.104817E+001  0.000000E+000  0.455284E-002
  0.319584E+001  0.104916E+001  0.000000E+000  0.454844E-002
  0.319591E+001  0.105016E+001  0.000000E+000  0.454405E-002
  0.319599E+001  0.105116E+001  0.000000E+000  0.453967E-002
  0.319606E+001  0.105216E+001  0.000000E+000  0.453530E-002
  0.319614E+001  0.105315E+001  0.000000E+000  0.453093E-002
  0.319621E+001  0.105415E+001  0.000000E+000  0.452658E-002
  0.319629E+001  0.105515E+001  0.000000E+000  0.452223E-002
  0.319636E+001  0.105615E+001  0.000000E+000  0.451789E-002
  0.319644E+001  0.105714E+001  0.000000E+000  0.451356E-002
  0.319652E+001  0.105814E+001  0.000000E+000  0.450923E-002
  0.319659E+001  0.105914E+001  0.000000E+000  0.450492E-002
  0.319667E+001  0.106013E+001  0.000000E+000  0.450061E-002
  0.319674E+001  0.106113E+001  0.000000E+000  0.449631E-002
  0.319682E+001  0.106213E+001  0.000000E+000  0.449202E-002
  0.319690E+001  0.106312E+001  0.000000E+000  0.448774E-002
  0.319697E+001  0.106412E+001  0.000000E+000  0.448346E-002
  0.319705E+001  0.106512E+001  0.000000E+000  0.447919E-002
  0.319712E+001  0.106612E+001  0.000000E+000  0.447494E-002
  0.319720E+001  0.106711E+001  0.000000E+000  0.447068E-002
  0.319728E+001  0.106811E+001  0.000000E+000  0.446644E-002
  0.319735E+001  0.106911E+001  0.000000E+000  0.446220E-002
  0.319743E+001  0.107010E+001  0.000000E+000  0.445798E-002
  0.319751E+001  0.107110E+001  0.000000E+000  0.445376E-002
  0.319758E+001  0.107210E+001  0.000000E+000  0.444954E-002
  0.319766E+001  0.107310E+001  0.000000E+000  0.444534E-002
  0.319774E+001  0.107409E+001  0.000000E+000  0.444114E-002
  0.319781E+001  0.107509E+001  0.000000E+000  0.443695E-002
  0.319789E+001  0.107609E+001  0.000000E+000  0.443277E-002
  0.319797E+001  0.107708E+001  0.000000E+000  0.442860E-002
  0.319804E+001  0.107808E+001  0.000000E+000  0.442443E-002
  0.319812E+001  0.107908E+001  0.000000E+000  0.442027E-002
  0.319820E+001  0.108007E+001  0.000000E+000  0.441612E-002
  0.319828E+001  0.108107E+001  0.000000E+000  0.441198E-002
  0.319835E+001  0.108207E+001  0.000000E+000  0.440784E-002
  0.319843E+001  0.108307E+001  0.000000E+000  0.440372E-002
  0.319851E+001  0.108406E+001  0.000000E+000  0.439960E-002
  0.319859E+001  0.108506E+001  0.000000E+000  0.439548E-002
  0.319866E+001  0.108606E+001  0.000000E+000  0.439138E-002
  0.319874E+001  0.108705E+001  0.000000E+000  0.438728E-002
  0.319882E+001  0.108805E+001  0.000000E+000  0.438319E-002
  0.319890E+001  0.108905E+001  0.000000E+000  0.437911E-002
  0.319897E+001  0.109004E+001  0.000000E+000  0.437503E-002
  0.319905E+001  0.109104E+001  0.000000E+000  0.437096E-002
  0.319913E+001  0.109204E+001  0.000000E+000  0.436690E-002
  0.319921E+001  0.109304E+001  0.000000E+000  0.436285E-002
  0.319929E+001  0.109403E+001  0.000000E+000  0.435880E-002
  0.319937E+001  0.109503E+001  0.000000E+000  0.435477E-002
  0.319944E+001  0.109603E+001  0.000000E+000  0.435073E-002
  0.319952E+001  0.109702E+001  0.000000E+000  0.434671E-002
  0.319960E+001  0.109802E+001  0.000000E+000  0.434269E-002
  0.319968E+001  0.109902E+001  0.000000E+000  0.433868E-002
  0.319976E+001  0.110001E+001  0.000000E+000  0.433468E-002
  0.319984E+001  0.110101E+001  0.000000E+000  0.433069E-002
  0.319991E+001  0.110201E+001  0.000000E+000  0.432670E-002
  0.319999E+001  0.110300E+001  0.000000E+000  0.432272E-002
  0.320007E+001  0.110400E+001  0.000000E+000  0.431874E-002
