  0.161300E+001  0.210973E+001  0.300000E+001  0.448493E-003
  0.161480E+001  0.211209E+001  0.300000E+001  0.447970E-003
  0.161660E+001  0.211445E+001  0.400000E+001  0.447447E-003
  0.161840E+001  0.211681E+001  0.400000E+001  0.446926E-003
  0.162020E+001  0.211917E+001  0.400000E+001  0.446406E-003
  0.162200E+001  0.212153E+001  0.400000E+001  0.445888E-003
  0.162380E+001  0.212389E+001  0.400000E+001  0.445370E-003
  0.162560E+001  0.212624E+001  0.400000E+001  0.444854E-003
  0.162740E+001  0.212860E+001  0.400000E+001  0.444340E-003
  0.162920E+001  0.213096E+001  0.400000E+001  0.443826E-003
  0.163100E+001  0.213332E+001  0.400000E+001  0.443314E-003
  0.163280E+001  0.213568E+001  0.400000E+001  0.442803E-003
  0.163460E+001  0.213804E+001  0.400000E+001  0.442293E-003
  0.163640E+001  0.214040E+001  0.400000E+001  0.441784E-003
  0.163820E+001  0.214276E+001  0.400000E+001  0.441277E-003
  0.164000E+001  0.214512E+001  0.400000E+001  0.440771E-003
  0.164180E+001  0.214748E+001  0.400000E+001  0.440266E-003
  0.164360E+001  0.214983E+001  0.400000E+001  0.439762E-003
  0.164540E+001  0.215219E+001  0.400000E+001  0.439260E-003
  0.164720E+001  0.215455E+001  0.400000E+001  0.438759E-003
  0.164900E+001  0.215691E+001  0.400000E+001  0.438258E-003
  0.165080E+001  0.215927E+001  0.400000E+001  0.437759E-003
  0.165260E+001  0.216163E+001  0.400000E+001  0.437262E-003
  0.165440E+001  0.216399E+001  0.400000E+001  0.436765E-003
  0.165620E+001  0.216635E+001  0.400000E+001  0.436270E-003
  0.165800E+001  0.216871E+001  0.400000E+001  0.435775E-003
  0.165980E+001  0.217107E+001  0.400000E+001  0.435282E-003
  0.166160E+001  0.217342E+001  0.400000E+001  0.434790E-003
  0.166340E+001  0.217578E+001  0.400000E+001  0.434299E-003
  0.166520E+001  0.217814E+001  0.400000E+001  0.433810E-003
  0.166700E+001  0.218050E+001  0.400000E+001  0.433321E-003
  0.166880E+001  0.218286E+001  0.400000E+001  0.432834E-003
  0.167060E+001  0.218522E+001  0.400000E+001  0.432348E-003
  0.167240E+001  0.218758E+001  0.400000E+001  0.431862E-003
  0.167420E+001  0.218994E+001  0.400000E+001  0.431378E-003
  0.167600E+001  0.219230E+001  0.400000E+001  0.430895E-003
  0.167780E+001  0.219466E+001  0.400000E+001  0.430414E-003
  0.167960E+001  0.219701E+001  0.400000E+001  0.429933E-003
  0.168140E+001  0.219937E+001  0.400000E+001  0.429453E-003
  0.168320E+001  0.220173E+001  0.400000E+001  0.428975E-003
  0.168500E+001  0.220409E+001  0.400000E+001  0.428497E-003
  0.168680E+001  0.220645E+001  0.400000E+001  0.428021E-003
  0.168860E+001  0.220881E+001  0.400000E+001  0.427545E-003
  0.169040E+001  0.221117E+001  0.400000E+001  0.427071E-003
  0.169220E+001  0.221353E+001  0.400000E+001  0.426598E-003
  0.169400E+001  0.221589E+001  0.400000E+001  0.426126E-003
  0.169580E+001  0.221825E+001  0.400000E+001  0.425655E-003
  0.169760E+001  0.222060E+001  0.400000E+001  0.425185E-003
  0.169940E+001  0.222296E+001  0.400000E+001  0.424716E-003
  0.170120E+001  0.222532E+001  0.400000E+001  0.424248E-003
  0.170300E+001  0.222768E+001  0.400000E+001  0.423781E-003
  0.170480E+001  0.223004E+001  0.400000E+001  0.423315E-003
  0.170660E+001  0.223240E+001  0.400000E+001  0.422850E-003
  0.170840E+001  0.223476E+001  0.400000E+001  0.422386E-003
  0.171020E+001  0.223712E+001  0.400000E+001  0.421923E-003
  0.171200E+001  0.223948E+001  0.400000E+001  0.421462E-003
  0.171380E+001  0.224184E+001  0.400000E+001  0.421001E-003
  0.171560E+001  0.224419E+001  0.400000E+001  0.420541E-003
  0.171740E+001  0.224655E+001  0.400000E+001  0.420082E-003
  0.171920E+001  0.224891E+001  0.400000E+001  0.419624E-003
  0.172100E+001  0.225127E+001  0.400000E+001  0.419168E-003
  0.172280E+001  0.225363E+001  0.400000E+001  0.418712E-003
  0.172460E+001  0.225599E+001  0.400000E+001  0.418257E-003
  0.172640E+001  0.225835E+001  0.400000E+001  0.417803E-003
  0.172820E+001  0.226071E+001  0.400000E+001  0.417350E-003
  0.173000E+001  0.226307E+001  0.400000E+001  0.416898E-003
  0.173180E+001  0.226543E+001  0.400000E+001  0.416447E-003
  0.173360E+001  0.226778E+001  0.400000E+001  0.415997E-003
  0.173540E+001  0.227014E+001  0.400000E+001  0.415548E-003
  0.173720E+001  0.227250E+001  0.400000E+001  0.415100E-003
  0.173900E+001  0.227486E+001  0.400000E+001  0.414653E-003
  0.174080E+001  0.227722E+001  0.400000E+001  0.414207E-003
  0.174260E+001  0.227958E+001  0.400000E+001  0.413762E-003
  0.174440E+001  0.228194E+001  0.400000E+001  0.413317E-003
  0.174620E+001  0.228430E+001  0.400000E+001  0.412874E-003
  0.174800E+001  0.228666E+001  0.400000E+001  0.412431E-003
  0.174980E+001  0.228902E+001  0.400000E+001  0.411990E-003
  0.175160E+001  0.229137E+001  0.400000E+001  0.411549E-003
  0.175340E+001  0.229373E+001  0.400000E+001  0.411109E-003
  0.175520E+001  0.229609E+001  0.400000E+001  0.410670E-003
  0.175700E+001  0.229845E+001  0.400000E+001  0.410231E-003
  0.175880E+001  0.230081E+001  0.400000E+001  0.409794E-003
  0.176060E+001  0.230317E+001  0.400000E+001  0.409358E-003
  0.176240E+001  0.230553E+001  0.400000E+001  0.408922E-003
  0.176420E+001  0.230789E+001  0.400000E+001  0.408487E-003
  0.176600E+001  0.231025E+001  0.400000E+001  0.408052E-003
  0.176780E+001  0.231261E+001  0.400000E+001  0.407618E-003
  0.176960E+001  0.231496E+001  0.400000E+001  0.407185E-003
  0.177140E+001  0.231732E+001  0.400000E+001  0.406752E-003
  0.177320E+001  0.231968E+001  0.400000E+001  0.406319E-003
  0.177500E+001  0.232204E+001  0.400000E+001  0.405886E-003
  0.177680E+001  0.232440E+001  0.400000E+001  0.405453E-003
  0.177860E+001  0.232676E+001  0.400000E+001  0.405017E-003
  0.178040E+001  0.232912E+001  0.400000E+001  0.404579E-003
  0.178220E+001  0.233148E+001  0.400000E+001  0.404136E-003
  0.178400E+001  0.233384E+001  0.400000E+001  0.403681E-003
  0.178580E+001  0.233620E+001  0.400000E+001  0.403200E-003
  0.178760E+001  0.233855E+001  0.400000E+001  0.402653E-003
  0.178940E+001  0.234091E+001  0.400000E+001  0.401863E-003
  0.179120E+001  0.275057E+001  0.300000E+001  0.808942E-003
  0.179300E+001  0.275298E+001  0.300000E+001  0.807908E-003
