  0.135270E+001  0.000000E+000  0.000000E+000  0.000000E+000
  0.135269E+001  0.100000E-001  0.000000E+000  0.000000E+000
  0.135272E+001  0.200000E-001  0.000000E+000  0.000000E+000
  0.135276E+001  0.299999E-001  0.000000E+000  0.000000E+000
  0.135282E+001  0.399997E-001  0.000000E+000  0.000000E+000
  0.135289E+001  0.499994E-001  0.000000E+000  0.000000E+000
  0.135299E+001  0.599990E-001  0.000000E+000  0.000000E+000
  0.135310E+001  0.699984E-001  0.000000E+000  0.000000E+000
  0.135322E+001  0.799976E-001  0.000000E+000  0.000000E+000
  0.135337E+001  0.899966E-001  0.000000E+000  0.000000E+000
  0.135353E+001  0.999953E-001  0.000000E+000  0.000000E+000
  0.135370E+001  0.109994E+000  0.000000E+000  0.000000E+000
  0.135390E+001  0.119992E+000  0.000000E+000  0.000000E+000
  0.135411E+001  0.129990E+000  0.000000E+000  0.000000E+000
  0.135433E+001  0.139987E+000  0.000000E+000  0.000000E+000
  0.135458E+001  0.149984E+000  0.000000E+000  0.000000E+000
  0.135484E+001  0.159981E+000  0.000000E+000  0.000000E+000
  0.135512E+001  0.169977E+000  0.000000E+000  0.000000E+000
  0.135541E+001  0.179972E+000  0.000000E+000  0.000000E+000
  0.135572E+001  0.189968E+000  0.000000E+000  0.000000E+000
  0.135605E+001  0.199962E+000  0.000000E+000  0.000000E+000
  0.135639E+001  0.209956E+000  0.000000E+000  0.000000E+000
  0.135676E+001  0.219950E+000  0.000000E+000  0.000000E+000
  0.135713E+001  0.229943E+000  0.000000E+000  0.000000E+000
  0.135753E+001  0.239935E+000  0.000000E+000  0.000000E+000
  0.135794E+001  0.249926E+000  0.000000E+000  0.000000E+000
  0.135837E+001  0.259917E+000  0.000000E+000  0.000000E+000
  0.135881E+001  0.269907E+000  0.000000E+000  0.000000E+000
  0.135927E+001  0.279897E+000  0.000000E+000  0.000000E+000
  0.135975E+001  0.289885E+000  0.000000E+000  0.000000E+000
  0.136024E+001  0.299873E+000  0.000000E+000  0.000000E+000
  0.136076E+001  0.309860E+000  0.000000E+000  0.000000E+000
  0.136128E+001  0.319846E+000  0.000000E+000  0.000000E+000
  0.136183E+001  0.329831E+000  0.000000E+000  0.000000E+000
  0.136239E+001  0.339816E+000  0.000000E+000  0.000000E+000
  0.136297E+001  0.349799E+000  0.000000E+000  0.000000E+000
  0.136356E+001  0.359781E+000  0.000000E+000  0.000000E+000
  0.136417E+001  0.369763E+000  0.000000E+000  0.000000E+000
  0.136480E+001  0.379743E+000  0.000000E+000  0.000000E+000
  0.136544E+001  0.389722E+000  0.000000E+000  0.000000E+000
  0.136610E+001  0.399700E+000  0.000000E+000  0.000000E+000
  0.136678E+001  0.409677E+000  0.000000E+000  0.000000E+000
  0.136747E+001  0.419653E+000  0.000000E+000  0.000000E+000
  0.136818E+001  0.429628E+000  0.000000E+000  0.000000E+000
  0.136891E+001  0.439602E+000  0.000000E+000  0.000000E+000
  0.136965E+001  0.449574E+000  0.000000E+000  0.000000E+000
  0.137041E+001  0.459545E+000  0.000000E+000  0.000000E+000
  0.137118E+001  0.469515E+000  0.000000E+000  0.000000E+000
  0.137198E+001  0.479484E+000  0.000000E+000  0.000000E+000
  0.137278E+001  0.489451E+000  0.000000E+000  0.000000E+000
  0.137361E+001  0.499417E+000  0.000000E+000  0.000000E+000
  0.137445E+001  0.509382E+000  0.000000E+000  0.000000E+000
  0.137531E+001  0.519345E+000  0.000000E+000  0.000000E+000
  0.137618E+001  0.529307E+000  0.000000E+000  0.000000E+000
  0.137707E+001  0.539267E+000  0.000000E+000  0.000000E+000
  0.137798E+001  0.549226E+000  0.000000E+000  0.000000E+000
  0.137890E+001  0.559183E+000  0.000000E+000  0.000000E+000
  0.137984E+001  0.569139E+000  0.000000E+000  0.000000E+000
  0.138079E+001  0.579093E+000  0.000000E+000  0.000000E+000
  0.138176E+001  0.589046E+000  0.000000E+000  0.000000E+000
  0.138275E+001  0.598997E+000  0.000000E+000  0.000000E+000
  0.138375E+001  0.608947E+000  0.000000E+000  0.000000E+000
  0.138477E+001  0.618895E+000  0.000000E+000  0.000000E+000
  0.138581E+001  0.628841E+000  0.000000E+000  0.000000E+000
  0.138686E+001  0.638786E+000  0.000000E+000  0.000000E+000
  0.138792E+001  0.648729E+000  0.000000E+000  0.000000E+000
  0.138901E+001  0.658670E+000  0.000000E+000  0.000000E+000
  0.139011E+001  0.668609E+000  0.000000E+000  0.000000E+000
  0.139122E+001  0.678547E+000  0.000000E+000  0.000000E+000
  0.139235E+001  0.688483E+000  0.000000E+000  0.000000E+000
  0.139350E+001  0.698417E+000  0.000000E+000  0.000000E+000
  0.139466E+001  0.708349E+000  0.000000E+000  0.000000E+000
  0.139584E+001  0.718279E+000  0.000000E+000  0.000000E+000
  0.139704E+001  0.728207E+000  0.000000E+000  0.000000E+000
  0.139825E+001  0.738134E+000  0.000000E+000  0.000000E+000
  0.139947E+001  0.748058E+000  0.000000E+000  0.000000E+000
  0.140072E+001  0.757981E+000  0.000000E+000  0.000000E+000
  0.140197E+001  0.767902E+000  0.000000E+000  0.000000E+000
  0.140325E+001  0.777820E+000  0.000000E+000  0.000000E+000
  0.140454E+001  0.787737E+000  0.000000E+000  0.000000E+000
  0.140584E+001  0.797651E+000  0.000000E+000  0.000000E+000
  0.140716E+001  0.807564E+000  0.000000E+000  0.000000E+000
  0.140850E+001  0.817474E+000  0.000000E+000  0.000000E+000
  0.140985E+001  0.827382E+000  0.000000E+000  0.000000E+000
  0.141122E+001  0.837288E+000  0.000000E+000  0.000000E+000
  0.141260E+001  0.847192E+000  0.000000E+000  0.000000E+000
  0.141400E+001  0.857094E+000  0.000000E+000  0.000000E+000
  0.141541E+001  0.866994E+000  0.000000E+000  0.000000E+000
  0.141684E+001  0.876891E+000  0.000000E+000  0.000000E+000
  0.141828E+001  0.886786E+000  0.000000E+000  0.000000E+000
  0.141974E+001  0.896679E+000  0.000000E+000  0.000000E+000
  0.142122E+001  0.906569E+000  0.000000E+000  0.000000E+000
  0.142271E+001  0.916458E+000  0.000000E+000  0.000000E+000
  0.142422E+001  0.926344E+000  0.000000E+000  0.000000E+000
  0.142574E+001  0.936227E+000  0.000000E+000  0.000000E+000
  0.142727E+001  0.946109E+000  0.000000E+000  0.000000E+000
  0.142883E+001  0.955988E+000  0.000000E+000  0.000000E+000
  0.143039E+001  0.965864E+000  0.000000E+000  0.000000E+000
  0.143197E+001  0.975738E+000  0.000000E+000  0.000000E+000
  0.143357E+001  0.985610E+000  0.000000E+000  0.000000E+000
  0.143518E+001  0.995479E+000  0.000000E+000  0.000000E+000
  0.143681E+001  0.100535E+001  0.000000E+000  0.000000E+000
  0.143845E+001  0.101521E+001  0.000000E+000  0.000000E+000
  0.144011E+001  0.102507E+001  0.000000E+000  0.000000E+000
  0.144178E+001  0.103493E+001  0.000000E+000  0.000000E+000
  0.144347E+001  0.104479E+001  0.000000E+000  0.000000E+000
  0.144517E+001  0.105464E+001  0.000000E+000  0.000000E+000
  0.144689E+001  0.106449E+001  0.000000E+000  0.000000E+000
  0.144862E+001  0.107434E+001  0.000000E+000  0.000000E+000
  0.145036E+001  0.108419E+001  0.000000E+000  0.000000E+000
  0.145213E+001  0.109403E+001  0.000000E+000  0.000000E+000
  0.145390E+001  0.110387E+001  0.000000E+000  0.000000E+000
  0.145569E+001  0.111371E+001  0.000000E+000  0.000000E+000
  0.145750E+001  0.112355E+001  0.000000E+000  0.000000E+000
  0.145932E+001  0.113338E+001  0.000000E+000  0.000000E+000
  0.146115E+001  0.114321E+001  0.000000E+000  0.000000E+000
  0.146300E+001  0.115304E+001  0.000000E+000  0.000000E+000
  0.146486E+001  0.116286E+001  0.000000E+000  0.000000E+000
  0.146674E+001  0.117269E+001  0.000000E+000  0.000000E+000
  0.146863E+001  0.118250E+001  0.000000E+000  0.000000E+000
  0.147054E+001  0.119232E+001  0.000000E+000  0.000000E+000
  0.147246E+001  0.120213E+001  0.000000E+000  0.000000E+000
  0.147440E+001  0.121195E+001  0.000000E+000  0.000000E+000
  0.147635E+001  0.122175E+001  0.000000E+000  0.000000E+000
  0.147831E+001  0.123156E+001  0.000000E+000  0.000000E+000
  0.148029E+001  0.124136E+001  0.000000E+000  0.000000E+000
  0.148228E+001  0.125116E+001  0.000000E+000  0.000000E+000
  0.148429E+001  0.126096E+001  0.000000E+000  0.000000E+000
  0.148631E+001  0.127075E+001  0.000000E+000  0.000000E+000
  0.148834E+001  0.128054E+001  0.000000E+000  0.000000E+000
  0.149039E+001  0.129033E+001  0.000000E+000  0.000000E+000
  0.149246E+001  0.130011E+001  0.000000E+000  0.000000E+000
  0.149453E+001  0.130990E+001  0.000000E+000  0.000000E+000
  0.149662E+001  0.131968E+001  0.000000E+000  0.000000E+000
  0.149873E+001  0.132945E+001  0.000000E+000  0.000000E+000
  0.150085E+001  0.133922E+001  0.000000E+000  0.000000E+000
  0.150298E+001  0.134899E+001  0.000000E+000  0.000000E+000
  0.150513E+001  0.135876E+001  0.000000E+000  0.000000E+000
  0.150729E+001  0.136853E+001  0.000000E+000  0.000000E+000
  0.150946E+001  0.137829E+001  0.000000E+000  0.000000E+000
  0.151165E+001  0.138804E+001  0.000000E+000  0.000000E+000
  0.151385E+001  0.139780E+001  0.000000E+000  0.000000E+000
  0.151607E+001  0.140755E+001  0.000000E+000  0.000000E+000
  0.151830E+001  0.141730E+001  0.000000E+000  0.000000E+000
  0.152054E+001  0.142704E+001  0.000000E+000  0.000000E+000
  0.152279E+001  0.143679E+001  0.000000E+000  0.000000E+000
  0.152506E+001  0.144653E+001  0.000000E+000  0.000000E+000
  0.152735E+001  0.145626E+001  0.000000E+000  0.000000E+000
  0.152964E+001  0.146599E+001  0.000000E+000  0.000000E+000
  0.153195E+001  0.147572E+001  0.000000E+000  0.000000E+000
  0.153427E+001  0.148545E+001  0.000000E+000  0.000000E+000
  0.153661E+001  0.149517E+001  0.000000E+000  0.000000E+000
  0.153896E+001  0.150489E+001  0.000000E+000  0.000000E+000
  0.154132E+001  0.151461E+001  0.000000E+000  0.000000E+000
  0.154370E+001  0.152432E+001  0.000000E+000  0.000000E+000
  0.154609E+001  0.153403E+001  0.000000E+000  0.000000E+000
  0.154849E+001  0.154374E+001  0.000000E+000  0.000000E+000
  0.155091E+001  0.155345E+001  0.000000E+000  0.000000E+000
  0.155333E+001  0.156315E+001  0.000000E+000  0.000000E+000
  0.155578E+001  0.157284E+001  0.000000E+000  0.000000E+000
  0.155823E+001  0.158254E+001  0.000000E+000  0.000000E+000
  0.156070E+001  0.159223E+001  0.000000E+000  0.000000E+000
  0.156318E+001  0.160192E+001  0.000000E+000  0.000000E+000
  0.156567E+001  0.161160E+001  0.000000E+000  0.000000E+000
  0.156818E+001  0.162128E+001  0.000000E+000  0.000000E+000
  0.157070E+001  0.163096E+001  0.000000E+000  0.000000E+000
  0.157323E+001  0.164063E+001  0.000000E+000  0.000000E+000
  0.157577E+001  0.165030E+001  0.000000E+000  0.000000E+000
  0.157833E+001  0.165997E+001  0.000000E+000  0.000000E+000
  0.158090E+001  0.166964E+001  0.000000E+000  0.000000E+000
  0.158348E+001  0.167930E+001  0.000000E+000  0.000000E+000
  0.158607E+001  0.168895E+001  0.000000E+000  0.000000E+000
  0.158868E+001  0.169861E+001  0.000000E+000  0.000000E+000
  0.159130E+001  0.170826E+001  0.000000E+000  0.000000E+000
  0.159393E+001  0.171791E+001  0.000000E+000  0.000000E+000
  0.159658E+001  0.172755E+001  0.000000E+000  0.000000E+000
  0.159924E+001  0.173719E+001  0.000000E+000  0.000000E+000
  0.160190E+001  0.174683E+001  0.000000E+000  0.000000E+000
  0.160459E+001  0.175646E+001  0.000000E+000  0.000000E+000
  0.160728E+001  0.176609E+001  0.000000E+000  0.000000E+000
  0.160999E+001  0.177572E+001  0.000000E+000  0.000000E+000
  0.161271E+001  0.178534E+001  0.000000E+000  0.000000E+000
  0.161544E+001  0.179496E+001  0.000000E+000  0.000000E+000
  0.161818E+001  0.180458E+001  0.000000E+000  0.000000E+000
  0.162093E+001  0.181419E+001  0.000000E+000  0.000000E+000
  0.162370E+001  0.182380E+001  0.000000E+000  0.000000E+000
  0.162648E+001  0.183341E+001  0.000000E+000  0.000000E+000
  0.162927E+001  0.184301E+001  0.000000E+000  0.000000E+000
  0.163207E+001  0.185261E+001  0.000000E+000  0.000000E+000
  0.163489E+001  0.186220E+001  0.000000E+000  0.000000E+000
  0.163771E+001  0.187180E+001  0.000000E+000  0.000000E+000
  0.164055E+001  0.188139E+001  0.000000E+000  0.000000E+000
  0.164340E+001  0.189097E+001  0.000000E+000  0.000000E+000
  0.164626E+001  0.190055E+001  0.000000E+000  0.000000E+000
  0.164914E+001  0.191013E+001  0.000000E+000  0.000000E+000
  0.165202E+001  0.191971E+001  0.000000E+000  0.000000E+000
  0.165492E+001  0.192928E+001  0.000000E+000  0.000000E+000
  0.165783E+001  0.193884E+001  0.000000E+000  0.000000E+000
  0.166075E+001  0.194841E+001  0.000000E+000  0.000000E+000
  0.166368E+001  0.195797E+001  0.000000E+000  0.000000E+000
  0.166663E+001  0.196753E+001  0.000000E+000  0.000000E+000
  0.166958E+001  0.197708E+001  0.000000E+000  0.000000E+000
  0.167255E+001  0.198663E+001  0.000000E+000  0.000000E+000
  0.167552E+001  0.199618E+001  0.000000E+000  0.000000E+000
  0.167851E+001  0.200572E+001  0.000000E+000  0.000000E+000
  0.168151E+001  0.201526E+001  0.000000E+000  0.000000E+000
  0.168452E+001  0.202479E+001  0.000000E+000  0.000000E+000
  0.168755E+001  0.203433E+001  0.000000E+000  0.000000E+000
  0.169058E+001  0.204385E+001  0.000000E+000  0.000000E+000
  0.169363E+001  0.205338E+001  0.000000E+000  0.000000E+000
  0.169668E+001  0.206290E+001  0.000000E+000  0.000000E+000
  0.169975E+001  0.207242E+001  0.000000E+000  0.000000E+000
  0.170283E+001  0.208193E+001  0.000000E+000  0.000000E+000
  0.170592E+001  0.209144E+001  0.000000E+000  0.000000E+000
  0.170902E+001  0.210095E+001  0.000000E+000  0.000000E+000
  0.171213E+001  0.211046E+001  0.000000E+000  0.000000E+000
  0.171525E+001  0.211996E+001  0.000000E+000  0.000000E+000
  0.171839E+001  0.212945E+001  0.000000E+000  0.000000E+000
  0.172153E+001  0.213894E+001  0.000000E+000  0.000000E+000
  0.172469E+001  0.214843E+001  0.000000E+000  0.000000E+000
  0.172785E+001  0.215792E+001  0.000000E+000  0.000000E+000
  0.173103E+001  0.216740E+001  0.000000E+000  0.000000E+000
  0.173421E+001  0.217688E+001  0.000000E+000  0.000000E+000
  0.173741E+001  0.218635E+001  0.000000E+000  0.000000E+000
  0.174062E+001  0.219583E+001  0.000000E+000  0.000000E+000
  0.174384E+001  0.220529E+001  0.000000E+000  0.000000E+000
  0.174707E+001  0.221476E+001  0.000000E+000  0.000000E+000
  0.175031E+001  0.222422E+001  0.000000E+000  0.000000E+000
  0.175356E+001  0.223367E+001  0.000000E+000  0.000000E+000
  0.175682E+001  0.224313E+001  0.000000E+000  0.000000E+000
  0.176009E+001  0.225258E+001  0.000000E+000  0.000000E+000
  0.176338E+001  0.226202E+001  0.000000E+000  0.000000E+000
  0.176667E+001  0.227147E+001  0.000000E+000  0.000000E+000
  0.176997E+001  0.228091E+001  0.000000E+000  0.000000E+000
  0.177329E+001  0.229034E+001  0.000000E+000  0.000000E+000
  0.177661E+001  0.229977E+001  0.000000E+000  0.000000E+000
  0.177994E+001  0.230920E+001  0.000000E+000  0.000000E+000
  0.178329E+001  0.231862E+001  0.000000E+000  0.000000E+000
  0.178664E+001  0.232805E+001  0.000000E+000  0.000000E+000
  0.179000E+001  0.233746E+001  0.000000E+000  0.000000E+000
  0.179382E+001  0.234671E+001  0.000000E+000  0.000000E+000
  0.179989E+001  0.235466E+001  0.000000E+000  0.000000E+000
  0.180595E+001  0.236261E+001  0.000000E+000  0.000000E+000
  0.181202E+001  0.237056E+001  0.000000E+000  0.000000E+000
  0.181808E+001  0.237851E+001  0.000000E+000  0.000000E+000
  0.182415E+001  0.238646E+001  0.000000E+000  0.000000E+000
  0.183022E+001  0.239441E+001  0.000000E+000  0.000000E+000
  0.183628E+001  0.240236E+001  0.000000E+000  0.000000E+000
  0.184235E+001  0.241031E+001  0.000000E+000  0.000000E+000
  0.184841E+001  0.241826E+001  0.000000E+000  0.000000E+000
  0.185448E+001  0.242621E+001  0.000000E+000  0.000000E+000
  0.186055E+001  0.243416E+001  0.000000E+000  0.000000E+000
  0.186661E+001  0.244211E+001  0.000000E+000  0.000000E+000
  0.187268E+001  0.245006E+001  0.000000E+000  0.000000E+000
  0.187875E+001  0.245801E+001  0.000000E+000  0.000000E+000
  0.188481E+001  0.246596E+001  0.000000E+000  0.000000E+000
  0.189088E+001  0.247391E+001  0.000000E+000  0.000000E+000
  0.189694E+001  0.248186E+001  0.000000E+000  0.000000E+000
  0.190301E+001  0.248981E+001  0.000000E+000  0.000000E+000
  0.190908E+001  0.249776E+001  0.000000E+000  0.000000E+000
  0.191514E+001  0.250571E+001  0.000000E+000  0.000000E+000
  0.192121E+001  0.251366E+001  0.000000E+000  0.000000E+000
  0.192727E+001  0.252161E+001  0.000000E+000  0.000000E+000
  0.193334E+001  0.252956E+001  0.000000E+000  0.000000E+000
  0.193941E+001  0.253750E+001  0.000000E+000  0.000000E+000
  0.194547E+001  0.254545E+001  0.000000E+000  0.000000E+000
  0.195154E+001  0.255340E+001  0.000000E+000  0.000000E+000
  0.195761E+001  0.256135E+001  0.000000E+000  0.000000E+000
  0.196367E+001  0.256930E+001  0.000000E+000  0.000000E+000
  0.196974E+001  0.257725E+001  0.000000E+000  0.000000E+000
  0.197580E+001  0.258520E+001  0.000000E+000  0.000000E+000
  0.198187E+001  0.259315E+001  0.000000E+000  0.000000E+000
  0.198794E+001  0.260110E+001  0.000000E+000  0.000000E+000
  0.199400E+001  0.260905E+001  0.000000E+000  0.000000E+000
  0.200007E+001  0.261700E+001  0.000000E+000  0.000000E+000
  0.200613E+001  0.262495E+001  0.000000E+000  0.000000E+000
  0.201220E+001  0.263290E+001  0.000000E+000  0.000000E+000
  0.201827E+001  0.264085E+001  0.000000E+000  0.000000E+000
  0.202433E+001  0.264880E+001  0.000000E+000  0.000000E+000
  0.203040E+001  0.265675E+001  0.000000E+000  0.000000E+000
  0.203646E+001  0.266470E+001  0.000000E+000  0.000000E+000
  0.204253E+001  0.267265E+001  0.000000E+000  0.000000E+000
  0.204860E+001  0.268060E+001  0.000000E+000  0.000000E+000
  0.205466E+001  0.268855E+001  0.000000E+000  0.000000E+000
  0.206073E+001  0.269650E+001  0.000000E+000  0.000000E+000
  0.206680E+001  0.270445E+001  0.000000E+000  0.000000E+000
  0.207286E+001  0.271240E+001  0.000000E+000  0.000000E+000
  0.207893E+001  0.272035E+001  0.000000E+000  0.000000E+000
  0.208499E+001  0.272830E+001  0.000000E+000  0.000000E+000
  0.209106E+001  0.273625E+001  0.000000E+000  0.000000E+000
  0.209713E+001  0.274420E+001  0.000000E+000  0.000000E+000
  0.210319E+001  0.275215E+001  0.000000E+000  0.000000E+000
  0.210926E+001  0.276010E+001  0.000000E+000  0.000000E+000
  0.211532E+001  0.276805E+001  0.000000E+000  0.000000E+000
  0.212139E+001  0.277600E+001  0.000000E+000  0.000000E+000
  0.212746E+001  0.278395E+001  0.000000E+000  0.000000E+000
  0.213352E+001  0.279190E+001  0.000000E+000  0.000000E+000
  0.213959E+001  0.279985E+001  0.000000E+000  0.000000E+000
  0.214565E+001  0.280780E+001  0.000000E+000  0.000000E+000
  0.215172E+001  0.281575E+001  0.000000E+000  0.000000E+000
  0.215779E+001  0.282370E+001  0.000000E+000  0.000000E+000
  0.216385E+001  0.283165E+001  0.000000E+000  0.000000E+000
  0.216992E+001  0.283960E+001  0.000000E+000  0.000000E+000
  0.217598E+001  0.284755E+001  0.000000E+000  0.000000E+000
  0.218205E+001  0.285550E+001  0.000000E+000  0.000000E+000
  0.218812E+001  0.286345E+001  0.000000E+000  0.000000E+000
  0.219418E+001  0.287140E+001  0.000000E+000  0.000000E+000
  0.220025E+001  0.287935E+001  0.000000E+000  0.000000E+000
  0.220632E+001  0.288730E+001  0.000000E+000  0.000000E+000
  0.221238E+001  0.289525E+001  0.000000E+000  0.000000E+000
  0.221845E+001  0.290320E+001  0.000000E+000  0.000000E+000
  0.222451E+001  0.291115E+001  0.000000E+000  0.000000E+000
  0.223058E+001  0.291911E+001  0.000000E+000  0.000000E+000
  0.223665E+001  0.292706E+001  0.000000E+000  0.000000E+000
  0.224271E+001  0.293501E+001  0.000000E+000  0.000000E+000
  0.224878E+001  0.294296E+001  0.000000E+000  0.000000E+000
  0.225484E+001  0.295091E+001  0.000000E+000  0.000000E+000
  0.226091E+001  0.295886E+001  0.000000E+000  0.000000E+000
  0.226697E+001  0.296681E+001  0.000000E+000  0.000000E+000
  0.227304E+001  0.297476E+001  0.000000E+000  0.000000E+000
  0.227911E+001  0.298271E+001  0.000000E+000  0.000000E+000
  0.228517E+001  0.299066E+001  0.000000E+000  0.000000E+000
  0.229124E+001  0.299861E+001  0.000000E+000  0.000000E+000
  0.229730E+001  0.300656E+001  0.000000E+000  0.000000E+000
  0.230337E+001  0.301451E+001  0.000000E+000  0.000000E+000
  0.230944E+001  0.302246E+001  0.000000E+000  0.000000E+000
  0.231550E+001  0.303041E+001  0.000000E+000  0.000000E+000
  0.232157E+001  0.303836E+001  0.000000E+000  0.000000E+000
  0.232763E+001  0.304631E+001  0.000000E+000  0.000000E+000
  0.233370E+001  0.305426E+001  0.000000E+000  0.000000E+000
  0.233976E+001  0.306221E+001  0.000000E+000  0.000000E+000
  0.234583E+001  0.307016E+001  0.000000E+000  0.000000E+000
  0.235189E+001  0.307811E+001  0.000000E+000  0.000000E+000
  0.235795E+001  0.308607E+001  0.000000E+000  0.000000E+000
  0.236401E+001  0.309402E+001  0.000000E+000  0.000000E+000
  0.237007E+001  0.310198E+001  0.000000E+000  0.000000E+000
  0.237613E+001  0.310993E+001  0.000000E+000  0.000000E+000
  0.238553E+001  0.311335E+001  0.000000E+000  0.000000E+000
  0.238899E+001  0.312273E+001  0.000000E+000  0.000000E+000
  0.239330E+001  0.313175E+001  0.000000E+000  0.000000E+000
  0.239916E+001  0.313985E+001  0.000000E+000  0.000000E+000
  0.240519E+001  0.314783E+001  0.000000E+000  0.000000E+000
  0.241124E+001  0.315579E+001  0.000000E+000  0.000000E+000
  0.241730E+001  0.316375E+001  0.000000E+000  0.000000E+000
  0.242336E+001  0.317170E+001  0.000000E+000  0.000000E+000
  0.242942E+001  0.317965E+001  0.000000E+000  0.000000E+000
  0.243549E+001  0.318761E+001  0.000000E+000  0.000000E+000
  0.244155E+001  0.319556E+001  0.000000E+000  0.000000E+000
  0.244762E+001  0.320351E+001  0.000000E+000  0.000000E+000
  0.245368E+001  0.321146E+001  0.000000E+000  0.000000E+000
  0.245975E+001  0.321941E+001  0.000000E+000  0.000000E+000
  0.246581E+001  0.322736E+001  0.000000E+000  0.000000E+000
  0.247188E+001  0.323531E+001  0.000000E+000  0.000000E+000
  0.247794E+001  0.324326E+001  0.000000E+000  0.000000E+000
  0.248401E+001  0.325121E+001  0.000000E+000  0.000000E+000
  0.249007E+001  0.325916E+001  0.000000E+000  0.000000E+000
  0.249614E+001  0.326711E+001  0.000000E+000  0.000000E+000
  0.250221E+001  0.327506E+001  0.000000E+000  0.000000E+000
  0.250827E+001  0.328301E+001  0.000000E+000  0.000000E+000
  0.251434E+001  0.329096E+001  0.000000E+000  0.000000E+000
  0.252040E+001  0.329891E+001  0.000000E+000  0.000000E+000
  0.252647E+001  0.330686E+001  0.000000E+000  0.000000E+000
  0.253254E+001  0.331481E+001  0.000000E+000  0.000000E+000
  0.253860E+001  0.332276E+001  0.000000E+000  0.000000E+000
  0.254467E+001  0.333071E+001  0.000000E+000  0.000000E+000
  0.255073E+001  0.333866E+001  0.000000E+000  0.000000E+000
  0.255680E+001  0.334661E+001  0.000000E+000  0.000000E+000
  0.256287E+001  0.335456E+001  0.000000E+000  0.000000E+000
  0.256893E+001  0.336251E+001  0.000000E+000  0.000000E+000
  0.257500E+001  0.337046E+001  0.000000E+000  0.000000E+000
  0.258106E+001  0.337841E+001  0.000000E+000  0.000000E+000
  0.258713E+001  0.338636E+001  0.000000E+000  0.000000E+000
  0.259320E+001  0.339431E+001  0.000000E+000  0.000000E+000
  0.259926E+001  0.340226E+001  0.000000E+000  0.000000E+000
  0.260533E+001  0.341021E+001  0.000000E+000  0.000000E+000
  0.261139E+001  0.341816E+001  0.000000E+000  0.000000E+000
  0.261746E+001  0.342611E+001  0.000000E+000  0.000000E+000
  0.262353E+001  0.343406E+001  0.000000E+000  0.000000E+000
  0.262959E+001  0.344201E+001  0.000000E+000  0.000000E+000
  0.263566E+001  0.344996E+001  0.000000E+000  0.000000E+000
  0.264172E+001  0.345791E+001  0.000000E+000  0.000000E+000
  0.264779E+001  0.346586E+001  0.000000E+000  0.000000E+000
  0.265386E+001  0.347381E+001  0.000000E+000  0.000000E+000
  0.265992E+001  0.348176E+001  0.000000E+000  0.000000E+000
  0.266599E+001  0.348971E+001  0.000000E+000  0.000000E+000
  0.267206E+001  0.349766E+001  0.000000E+000  0.000000E+000
  0.267812E+001  0.350561E+001  0.000000E+000  0.000000E+000
  0.268419E+001  0.351356E+001  0.000000E+000  0.000000E+000
  0.269025E+001  0.352151E+001  0.000000E+000  0.000000E+000
  0.269632E+001  0.352946E+001  0.000000E+000  0.000000E+000
  0.270239E+001  0.353741E+001  0.000000E+000  0.000000E+000
  0.270845E+001  0.354536E+001  0.000000E+000  0.000000E+000
  0.271452E+001  0.355331E+001  0.000000E+000  0.000000E+000
  0.272058E+001  0.356126E+001  0.000000E+000  0.000000E+000
  0.272665E+001  0.356921E+001  0.000000E+000  0.000000E+000
  0.273272E+001  0.357716E+001  0.000000E+000  0.000000E+000
  0.273878E+001  0.358511E+001  0.000000E+000  0.000000E+000
  0.274485E+001  0.359306E+001  0.000000E+000  0.000000E+000
  0.275091E+001  0.360101E+001  0.000000E+000  0.000000E+000
  0.275698E+001  0.360896E+001  0.000000E+000  0.000000E+000
