% f(i), residues abs sum
  0.600000E-002  0.331578E-004
  0.120000E-001  0.265846E-005
  0.180000E-001  0.694050E-005
  0.240000E-001  0.399277E-001
  0.300000E-001  0.267033E-001
  0.360000E-001  0.211195E-001
  0.420000E-001  0.176965E-001
  0.480000E-001  0.153019E-001
  0.540000E-001  0.135073E-001
  0.600000E-001  0.121029E-001
  0.660000E-001  0.109699E-001
  0.720000E-001  0.100346E-001
  0.780000E-001  0.924843E-002
  0.840000E-001  0.857787E-002
  0.900000E-001  0.799882E-002
  0.960000E-001  0.749356E-002
  0.102000E+000  0.704872E-002
  0.108000E+000  0.665399E-002
  0.114000E+000  0.630131E-002
  0.120000E+000  0.598426E-002
  0.126000E+000  0.569769E-002
  0.132000E+000  0.543737E-002
  0.138000E+000  0.519985E-002
  0.144000E+000  0.498224E-002
  0.150000E+000  0.478215E-002
  0.156000E+000  0.459752E-002
  0.162000E+000  0.442663E-002
  0.168000E+000  0.426801E-002
  0.174000E+000  0.412036E-002
  0.180000E+000  0.398259E-002
  0.186000E+000  0.385374E-002
  0.192000E+000  0.373296E-002
  0.198000E+000  0.361953E-002
  0.204000E+000  0.351278E-002
  0.210000E+000  0.341215E-002
  0.216000E+000  0.331712E-002
  0.222000E+000  0.322723E-002
  0.228000E+000  0.314209E-002
  0.234000E+000  0.306132E-002
  0.240000E+000  0.298459E-002
  0.246000E+000  0.291162E-002
  0.252000E+000  0.284212E-002
  0.258000E+000  0.277586E-002
  0.264000E+000  0.271261E-002
  0.270000E+000  0.265218E-002
  0.276000E+000  0.259438E-002
  0.282000E+000  0.253904E-002
  0.288000E+000  0.248601E-002
  0.294000E+000  0.243514E-002
  0.300000E+000  0.238631E-002
  0.306000E+000  0.233940E-002
  0.312000E+000  0.229429E-002
  0.318000E+000  0.225088E-002
  0.324000E+000  0.220909E-002
  0.330000E+000  0.216881E-002
  0.336000E+000  0.212997E-002
  0.342000E+000  0.209249E-002
  0.348000E+000  0.205631E-002
  0.354000E+000  0.202135E-002
  0.360000E+000  0.198756E-002
  0.366000E+000  0.195488E-002
  0.372000E+000  0.192325E-002
  0.378000E+000  0.189262E-002
  0.384000E+000  0.186295E-002
  0.390000E+000  0.183420E-002
  0.396000E+000  0.180631E-002
  0.402000E+000  0.177926E-002
  0.408000E+000  0.175300E-002
  0.414000E+000  0.172750E-002
  0.420000E+000  0.170273E-002
  0.426000E+000  0.167866E-002
  0.432000E+000  0.165525E-002
  0.438000E+000  0.163247E-002
  0.444000E+000  0.161032E-002
  0.450000E+000  0.158877E-002
  0.456000E+000  0.350977E-001
  0.462000E+000  0.240575E-001
  0.468000E+000  0.194885E-001
  0.474000E+000  0.168136E-001
  0.480000E+000  0.149968E-001
  0.486000E+000  0.136547E-001
  0.492000E+000  0.126082E-001
  0.498000E+000  0.117607E-001
  0.504000E+000  0.110549E-001
  0.510000E+000  0.104543E-001
  0.516000E+000  0.993466E-002
  0.522000E+000  0.947868E-002
  0.528000E+000  0.907403E-002
  0.534000E+000  0.871150E-002
  0.540000E+000  0.838405E-002
  0.546000E+000  0.808621E-002
  0.552000E+000  0.781366E-002
  0.558000E+000  0.756291E-002
  0.564000E+000  0.733114E-002
  0.570000E+000  0.711601E-002
  0.576000E+000  0.691556E-002
  0.582000E+000  0.672812E-002
  0.588000E+000  0.655214E-002
  0.594000E+000  0.637996E-002
  0.600000E+000  0.622994E-002
  0.606000E+000  0.608429E-002
  0.612000E+000  0.594517E-002
  0.618000E+000  0.581307E-002
  0.624000E+000  0.568750E-002
  0.630000E+000  0.556794E-002
  0.636000E+000  0.545393E-002
  0.642000E+000  0.534507E-002
  0.648000E+000  0.524097E-002
  0.654000E+000  0.514130E-002
  0.660000E+000  0.504576E-002
  0.666000E+000  0.495407E-002
  0.672000E+000  0.486598E-002
  0.678000E+000  0.478128E-002
  0.684000E+000  0.469974E-002
  0.690000E+000  0.462118E-002
  0.696000E+000  0.454544E-002
  0.702000E+000  0.447234E-002
  0.708000E+000  0.440174E-002
  0.714000E+000  0.433350E-002
  0.720000E+000  0.426751E-002
  0.726000E+000  0.420364E-002
  0.732000E+000  0.414178E-002
  0.738000E+000  0.408184E-002
  0.744000E+000  0.402372E-002
  0.750000E+000  0.396733E-002
  0.756000E+000  0.391260E-002
  0.762000E+000  0.385944E-002
  0.768000E+000  0.380779E-002
  0.774000E+000  0.375758E-002
  0.780000E+000  0.370874E-002
  0.786000E+000  0.366122E-002
  0.792000E+000  0.361496E-002
  0.798000E+000  0.356991E-002
  0.804000E+000  0.352602E-002
  0.810000E+000  0.348324E-002
  0.816000E+000  0.344153E-002
  0.822000E+000  0.340085E-002
  0.828000E+000  0.336116E-002
  0.834000E+000  0.332241E-002
  0.840000E+000  0.328458E-002
  0.846000E+000  0.324763E-002
  0.852000E+000  0.321153E-002
  0.858000E+000  0.317625E-002
  0.864000E+000  0.314176E-002
  0.870000E+000  0.310803E-002
  0.876000E+000  0.307504E-002
  0.882000E+000  0.304276E-002
  0.888000E+000  0.301118E-002
  0.894000E+000  0.298034E-002
  0.900000E+000  0.295254E-002
  0.906000E+000  0.291671E-001
  0.912000E+000  0.196641E-001
  0.918000E+000  0.161099E-001
  0.924000E+000  0.140976E-001
  0.930000E+000  0.127531E-001
  0.936000E+000  0.117691E-001
  0.942000E+000  0.110059E-001
  0.948000E+000  0.103896E-001
  0.954000E+000  0.987705E-002
  0.960000E+000  0.944094E-002
  0.966000E+000  0.906322E-002
  0.972000E+000  0.873131E-002
  0.978000E+000  0.843616E-002
  0.984000E+000  0.817107E-002
  0.990000E+000  0.793096E-002
  0.996000E+000  0.771190E-002
  0.100200E+001  0.751080E-002
  0.100800E+001  0.732516E-002
  0.101400E+001  0.715299E-002
  0.102000E+001  0.698983E-002
  0.102600E+001  0.683932E-002
  0.103200E+001  0.670211E-002
  0.103800E+001  0.656977E-002
  0.104400E+001  0.643918E-002
  0.105000E+001  0.632012E-002
  0.105600E+001  0.620711E-002
  0.106200E+001  0.609960E-002
  0.106800E+001  0.599712E-002
  0.107400E+001  0.589925E-002
  0.108000E+001  0.580564E-002
  0.108600E+001  0.571596E-002
  0.109200E+001  0.562990E-002
  0.109800E+001  0.554723E-002
  0.110400E+001  0.547219E-002
  0.111000E+001  0.539486E-002
  0.111600E+001  0.531722E-002
  0.112200E+001  0.524592E-002
  0.112800E+001  0.517918E-002
  0.113400E+001  0.511218E-002
  0.114000E+001  0.504739E-002
  0.114600E+001  0.498468E-002
  0.115200E+001  0.492391E-002
  0.115800E+001  0.486500E-002
  0.116400E+001  0.480782E-002
  0.117000E+001  0.475228E-002
  0.117600E+001  0.469830E-002
  0.118200E+001  0.464578E-002
  0.118800E+001  0.459482E-002
  0.119400E+001  0.454250E-002
  0.120000E+001  0.449624E-002
  0.120600E+001  0.444934E-002
  0.121200E+001  0.440336E-002
  0.121800E+001  0.435846E-002
  0.122400E+001  0.431463E-002
  0.123000E+001  0.427182E-002
  0.123600E+001  0.423000E-002
  0.124200E+001  0.418912E-002
  0.124800E+001  0.414916E-002
  0.125400E+001  0.411007E-002
  0.126000E+001  0.407183E-002
  0.126600E+001  0.403440E-002
  0.127200E+001  0.399775E-002
  0.127800E+001  0.396186E-002
  0.128400E+001  0.392670E-002
  0.129000E+001  0.389225E-002
  0.129600E+001  0.385847E-002
  0.130200E+001  0.382536E-002
  0.130800E+001  0.379288E-002
  0.131400E+001  0.376102E-002
  0.132000E+001  0.372976E-002
  0.132600E+001  0.369907E-002
  0.133200E+001  0.366895E-002
  0.133800E+001  0.363937E-002
  0.134400E+001  0.361032E-002
  0.135000E+001  0.358177E-002
  0.135600E+001  0.277335E-001
  0.136200E+001  0.179058E-001
  0.136800E+001  0.146770E-001
  0.137400E+001  0.129164E-001
  0.138000E+001  0.117615E-001
  0.138600E+001  0.109253E-001
  0.139200E+001  0.102812E-001
  0.139800E+001  0.976349E-002
  0.140400E+001  0.933425E-002
  0.141000E+001  0.896985E-002
  0.141600E+001  0.865466E-002
  0.142200E+001  0.837791E-002
  0.142800E+001  0.813189E-002
  0.143400E+001  0.791090E-002
  0.144000E+001  0.771065E-002
  0.144600E+001  0.752782E-002
  0.145200E+001  0.735980E-002
  0.145800E+001  0.720450E-002
  0.146400E+001  0.706023E-002
  0.147000E+001  0.692562E-002
  0.147600E+001  0.679951E-002
  0.148200E+001  0.668094E-002
  0.148800E+001  0.656910E-002
  0.149400E+001  0.646331E-002
  0.150000E+001  0.636296E-002
  0.150600E+001  0.626755E-002
  0.151200E+001  0.617663E-002
  0.151800E+001  0.608982E-002
  0.152400E+001  0.600677E-002
  0.153000E+001  0.592719E-002
  0.153600E+001  0.585080E-002
  0.154200E+001  0.577737E-002
  0.154800E+001  0.570669E-002
  0.155400E+001  0.563856E-002
  0.156000E+001  0.557282E-002
  0.156600E+001  0.550930E-002
  0.157200E+001  0.544787E-002
  0.157800E+001  0.538839E-002
  0.158400E+001  0.533074E-002
  0.159000E+001  0.527481E-002
  0.159600E+001  0.522044E-002
  0.160200E+001  0.516733E-002
  0.160800E+001  0.511230E-002
  0.161400E+001  0.413642E-002
  0.162000E+001  0.501741E-002
  0.162600E+001  0.497089E-002
  0.163200E+001  0.492502E-002
  0.163800E+001  0.488018E-002
  0.164400E+001  0.483640E-002
  0.165000E+001  0.479364E-002
  0.165600E+001  0.475187E-002
  0.166200E+001  0.471105E-002
  0.166800E+001  0.467113E-002
  0.167400E+001  0.463209E-002
  0.168000E+001  0.459389E-002
  0.168600E+001  0.455650E-002
  0.169200E+001  0.451988E-002
  0.169800E+001  0.448401E-002
  0.170400E+001  0.444885E-002
  0.171000E+001  0.441439E-002
  0.171600E+001  0.438060E-002
  0.172200E+001  0.434745E-002
  0.172800E+001  0.431492E-002
  0.173400E+001  0.428300E-002
  0.174000E+001  0.425165E-002
  0.174600E+001  0.422087E-002
  0.175200E+001  0.419063E-002
  0.175800E+001  0.416092E-002
  0.176400E+001  0.413172E-002
  0.177000E+001  0.410300E-002
  0.177600E+001  0.407477E-002
  0.178200E+001  0.404696E-002
  0.178800E+001  0.401933E-002
  0.179400E+001  0.359000E-002
  0.180000E+001  0.396640E-002
