% f, dz
  0.225440E+001  0.272619E+001  0.500000E+001  0.152984E-002
  0.225440E+001  0.295032E+001  0.500000E+001  0.311197E-003
  0.225440E+001  0.335850E+001  0.500000E+001  0.659133E-003
  0.225440E+001  0.343473E+001  0.500000E+001  0.966106E-003
  0.225440E+001  0.361074E+001  0.500000E+001  0.751439E-003
  0.225870E+001  0.289272E+000  0.600000E+001  0.166039E-001
  0.225870E+001  0.273962E+001  0.600000E+001  0.152078E-002
  0.225870E+001  0.295596E+001  0.600000E+001  0.310297E-003
  0.225870E+001  0.336405E+001  0.600000E+001  0.656306E-003
  0.225870E+001  0.344360E+001  0.600000E+001  0.963833E-003
  0.225870E+001  0.361745E+001  0.600000E+001  0.749297E-003
  0.226299E+001  0.410981E+000  0.600000E+001  0.116748E-001
  0.226299E+001  0.275300E+001  0.600000E+001  0.151186E-002
  0.226299E+001  0.296159E+001  0.600000E+001  0.309380E-003
  0.226299E+001  0.336960E+001  0.600000E+001  0.653612E-003
  0.226299E+001  0.345245E+001  0.600000E+001  0.961463E-003
  0.226299E+001  0.362416E+001  0.600000E+001  0.747166E-003
  0.226729E+001  0.504183E+000  0.600000E+001  0.950555E-002
  0.226729E+001  0.276632E+001  0.600000E+001  0.150309E-002
  0.226729E+001  0.296722E+001  0.600000E+001  0.308445E-003
  0.226729E+001  0.337515E+001  0.600000E+001  0.651034E-003
  0.226729E+001  0.346130E+001  0.600000E+001  0.959011E-003
  0.226729E+001  0.363086E+001  0.600000E+001  0.745048E-003
  0.227158E+001  0.582713E+000  0.600000E+001  0.821462E-002
  0.227158E+001  0.277958E+001  0.600000E+001  0.149447E-002
  0.227158E+001  0.297285E+001  0.600000E+001  0.307489E-003
  0.227158E+001  0.338070E+001  0.600000E+001  0.648560E-003
  0.227158E+001  0.347012E+001  0.600000E+001  0.956488E-003
  0.227158E+001  0.363755E+001  0.600000E+001  0.742941E-003
  0.227588E+001  0.651895E+000  0.600000E+001  0.733388E-002
  0.227588E+001  0.279279E+001  0.600000E+001  0.148600E-002
  0.227588E+001  0.297848E+001  0.600000E+001  0.306509E-003
  0.227588E+001  0.338625E+001  0.600000E+001  0.646178E-003
  0.227588E+001  0.347893E+001  0.600000E+001  0.953906E-003
  0.227588E+001  0.364424E+001  0.600000E+001  0.740846E-003
  0.228018E+001  0.714447E+000  0.600000E+001  0.668355E-002
  0.228018E+001  0.280595E+001  0.600000E+001  0.147767E-002
  0.228018E+001  0.298411E+001  0.600000E+001  0.305503E-003
  0.228018E+001  0.339179E+001  0.600000E+001  0.643880E-003
  0.228018E+001  0.348772E+001  0.600000E+001  0.951274E-003
  0.228018E+001  0.365093E+001  0.600000E+001  0.738762E-003
  0.228447E+001  0.771983E+000  0.600000E+001  0.617779E-002
  0.228447E+001  0.281905E+001  0.600000E+001  0.146949E-002
  0.228447E+001  0.298974E+001  0.600000E+001  0.304468E-003
  0.228447E+001  0.339733E+001  0.600000E+001  0.641657E-003
  0.228447E+001  0.349650E+001  0.600000E+001  0.948599E-003
  0.228447E+001  0.365760E+001  0.600000E+001  0.736690E-003
  0.228877E+001  0.825552E+000  0.600000E+001  0.576978E-002
  0.228877E+001  0.283210E+001  0.600000E+001  0.146146E-002
  0.228877E+001  0.299537E+001  0.600000E+001  0.303398E-003
  0.228877E+001  0.340288E+001  0.600000E+001  0.639501E-003
  0.228877E+001  0.350526E+001  0.600000E+001  0.945888E-003
  0.228877E+001  0.366428E+001  0.600000E+001  0.734629E-003
  0.229306E+001  0.875882E+000  0.600000E+001  0.543151E-002
  0.229306E+001  0.284510E+001  0.600000E+001  0.145358E-002
  0.229306E+001  0.300100E+001  0.600000E+001  0.302290E-003
  0.229306E+001  0.340842E+001  0.600000E+001  0.637408E-003
  0.229306E+001  0.351401E+001  0.600000E+001  0.943148E-003
  0.229306E+001  0.367094E+001  0.600000E+001  0.732580E-003
  0.229736E+001  0.923502E+000  0.600000E+001  0.514507E-002
  0.229736E+001  0.285805E+001  0.600000E+001  0.144585E-002
  0.229736E+001  0.300663E+001  0.600000E+001  0.301138E-003
  0.229736E+001  0.341396E+001  0.600000E+001  0.635371E-003
  0.229736E+001  0.352274E+001  0.600000E+001  0.940382E-003
  0.229736E+001  0.367760E+001  0.600000E+001  0.730542E-003
  0.230166E+001  0.968812E+000  0.600000E+001  0.489838E-002
  0.230166E+001  0.287094E+001  0.600000E+001  0.143828E-002
  0.230166E+001  0.301226E+001  0.600000E+001  0.299936E-003
  0.230166E+001  0.341950E+001  0.600000E+001  0.633386E-003
  0.230166E+001  0.353145E+001  0.600000E+001  0.937596E-003
  0.230166E+001  0.368425E+001  0.600000E+001  0.728514E-003
  0.230595E+001  0.101212E+001  0.600000E+001  0.468298E-002
  0.230595E+001  0.288379E+001  0.600000E+001  0.143088E-002
  0.230595E+001  0.301789E+001  0.600000E+001  0.298675E-003
  0.230595E+001  0.342504E+001  0.600000E+001  0.631449E-003
  0.230595E+001  0.354015E+001  0.600000E+001  0.934793E-003
  0.230595E+001  0.369090E+001  0.600000E+001  0.726498E-003
  0.231025E+001  0.105368E+001  0.600000E+001  0.449274E-002
  0.231025E+001  0.289659E+001  0.600000E+001  0.142365E-002
  0.231025E+001  0.302352E+001  0.600000E+001  0.297345E-003
  0.231025E+001  0.343058E+001  0.600000E+001  0.629556E-003
  0.231025E+001  0.354884E+001  0.600000E+001  0.931977E-003
  0.231025E+001  0.369754E+001  0.600000E+001  0.724493E-003
  0.231454E+001  0.109368E+001  0.600000E+001  0.432308E-002
  0.231454E+001  0.290934E+001  0.600000E+001  0.141660E-002
  0.231454E+001  0.302915E+001  0.600000E+001  0.295936E-003
  0.231454E+001  0.343611E+001  0.600000E+001  0.627703E-003
  0.231454E+001  0.355751E+001  0.600000E+001  0.929150E-003
  0.231454E+001  0.370418E+001  0.600000E+001  0.722498E-003
  0.231884E+001  0.113230E+001  0.600000E+001  0.417051E-002
  0.231884E+001  0.292204E+001  0.600000E+001  0.140974E-002
  0.231884E+001  0.303479E+001  0.600000E+001  0.294432E-003
  0.231884E+001  0.344165E+001  0.600000E+001  0.625889E-003
  0.231884E+001  0.356616E+001  0.600000E+001  0.926316E-003
  0.231884E+001  0.371081E+001  0.600000E+001  0.720515E-003
  0.232314E+001  0.116966E+001  0.600000E+001  0.403234E-002
  0.232314E+001  0.293470E+001  0.600000E+001  0.140309E-002
  0.232314E+001  0.304042E+001  0.600000E+001  0.292817E-003
  0.232314E+001  0.344718E+001  0.600000E+001  0.624109E-003
  0.232314E+001  0.357480E+001  0.600000E+001  0.923476E-003
  0.232314E+001  0.371744E+001  0.600000E+001  0.718541E-003
  0.232743E+001  0.120589E+001  0.600000E+001  0.390640E-002
  0.232743E+001  0.294731E+001  0.600000E+001  0.139668E-002
  0.232743E+001  0.304605E+001  0.600000E+001  0.291066E-003
  0.232743E+001  0.345271E+001  0.600000E+001  0.622363E-003
  0.232743E+001  0.358343E+001  0.600000E+001  0.920633E-003
  0.232743E+001  0.372406E+001  0.600000E+001  0.716579E-003
  0.233173E+001  0.124108E+001  0.600000E+001  0.379098E-002
  0.233173E+001  0.295987E+001  0.600000E+001  0.139052E-002
  0.233173E+001  0.305168E+001  0.600000E+001  0.289151E-003
  0.233173E+001  0.345825E+001  0.600000E+001  0.620647E-003
  0.233173E+001  0.359204E+001  0.600000E+001  0.917788E-003
  0.233173E+001  0.373067E+001  0.600000E+001  0.714627E-003
  0.233602E+001  0.127532E+001  0.600000E+001  0.368469E-002
  0.233602E+001  0.297239E+001  0.600000E+001  0.138466E-002
  0.233602E+001  0.305731E+001  0.600000E+001  0.287033E-003
  0.233602E+001  0.346378E+001  0.600000E+001  0.618959E-003
  0.233602E+001  0.360064E+001  0.600000E+001  0.914943E-003
  0.233602E+001  0.373728E+001  0.600000E+001  0.712685E-003
  0.234032E+001  0.130868E+001  0.600000E+001  0.358637E-002
  0.234032E+001  0.298486E+001  0.600000E+001  0.137914E-002
  0.234032E+001  0.306294E+001  0.600000E+001  0.284663E-003
  0.234032E+001  0.346931E+001  0.600000E+001  0.617299E-003
  0.234032E+001  0.360922E+001  0.600000E+001  0.912099E-003
  0.234032E+001  0.374388E+001  0.600000E+001  0.710753E-003
  0.234462E+001  0.134124E+001  0.600000E+001  0.349505E-002
  0.234462E+001  0.299729E+001  0.600000E+001  0.137403E-002
  0.234462E+001  0.306858E+001  0.600000E+001  0.281970E-003
  0.234462E+001  0.347483E+001  0.600000E+001  0.615665E-003
  0.234462E+001  0.361779E+001  0.600000E+001  0.909258E-003
  0.234462E+001  0.375048E+001  0.600000E+001  0.708832E-003
  0.234891E+001  0.137304E+001  0.600000E+001  0.340995E-002
  0.234891E+001  0.300967E+001  0.600000E+001  0.136942E-002
  0.234891E+001  0.307421E+001  0.600000E+001  0.278858E-003
  0.234891E+001  0.348036E+001  0.600000E+001  0.614054E-003
  0.234891E+001  0.362635E+001  0.600000E+001  0.906421E-003
  0.234891E+001  0.375707E+001  0.600000E+001  0.706921E-003
  0.235321E+001  0.140415E+001  0.600000E+001  0.333037E-002
  0.235321E+001  0.302201E+001  0.600000E+001  0.136546E-002
  0.235321E+001  0.307984E+001  0.600000E+001  0.275189E-003
  0.235321E+001  0.348589E+001  0.600000E+001  0.612467E-003
  0.235321E+001  0.363489E+001  0.600000E+001  0.903588E-003
  0.235321E+001  0.376366E+001  0.600000E+001  0.705020E-003
  0.235750E+001  0.143459E+001  0.600000E+001  0.325575E-002
  0.235750E+001  0.303431E+001  0.600000E+001  0.136235E-002
  0.235750E+001  0.308548E+001  0.600000E+001  0.270757E-003
  0.235750E+001  0.349141E+001  0.600000E+001  0.610901E-003
  0.235750E+001  0.364341E+001  0.600000E+001  0.900762E-003
  0.235750E+001  0.377024E+001  0.600000E+001  0.703128E-003
  0.236180E+001  0.146442E+001  0.600000E+001  0.318557E-002
  0.236180E+001  0.304656E+001  0.600000E+001  0.136040E-002
  0.236180E+001  0.309111E+001  0.600000E+001  0.265237E-003
  0.236180E+001  0.349694E+001  0.600000E+001  0.609355E-003
  0.236180E+001  0.365193E+001  0.600000E+001  0.897942E-003
  0.236180E+001  0.377682E+001  0.600000E+001  0.701247E-003
  0.236610E+001  0.149367E+001  0.600000E+001  0.311941E-002
  0.236610E+001  0.305877E+001  0.600000E+001  0.136015E-002
  0.236610E+001  0.309675E+001  0.600000E+001  0.258098E-003
  0.236610E+001  0.350246E+001  0.600000E+001  0.607829E-003
  0.236610E+001  0.366042E+001  0.600000E+001  0.895129E-003
  0.236610E+001  0.378339E+001  0.600000E+001  0.699375E-003
  0.237039E+001  0.152238E+001  0.600000E+001  0.305691E-002
  0.237039E+001  0.307094E+001  0.600000E+001  0.136255E-002
  0.237039E+001  0.310239E+001  0.600000E+001  0.248394E-003
  0.237039E+001  0.350799E+001  0.600000E+001  0.606322E-003
  0.237039E+001  0.366891E+001  0.600000E+001  0.892324E-003
  0.237039E+001  0.378995E+001  0.600000E+001  0.697513E-003
  0.237469E+001  0.155057E+001  0.600000E+001  0.299772E-002
  0.237469E+001  0.308306E+001  0.600000E+001  0.136943E-002
  0.237469E+001  0.310804E+001  0.600000E+001  0.234278E-003
  0.237469E+001  0.351351E+001  0.600000E+001  0.604832E-003
  0.237469E+001  0.367738E+001  0.600000E+001  0.889528E-003
  0.237469E+001  0.379651E+001  0.600000E+001  0.695661E-003
  0.237898E+001  0.157828E+001  0.600000E+001  0.294156E-002
  0.237898E+001  0.309512E+001  0.600000E+001  0.138492E-002
  0.237898E+001  0.311370E+001  0.600000E+001  0.211622E-003
  0.237898E+001  0.351903E+001  0.600000E+001  0.603359E-003
  0.237898E+001  0.368584E+001  0.600000E+001  0.886741E-003
  0.237898E+001  0.380307E+001  0.600000E+001  0.693818E-003
  0.238328E+001  0.160552E+001  0.600000E+001  0.288818E-002
  0.238328E+001  0.310712E+001  0.600000E+001  0.142020E-002
  0.238328E+001  0.311939E+001  0.600000E+001  0.169203E-003
  0.238328E+001  0.352455E+001  0.600000E+001  0.601903E-003
  0.238328E+001  0.369429E+001  0.600000E+001  0.883964E-003
  0.238328E+001  0.380962E+001  0.600000E+001  0.691985E-003
  0.238758E+001  0.163233E+001  0.500000E+001  0.283736E-002
  0.238758E+001  0.311896E+001  0.500000E+001  0.151291E-002
  0.238758E+001  0.353007E+001  0.500000E+001  0.600462E-003
  0.238758E+001  0.370272E+001  0.500000E+001  0.881197E-003
  0.238758E+001  0.381616E+001  0.500000E+001  0.690161E-003
  0.239187E+001  0.165872E+001  0.600000E+001  0.278889E-002
  0.239187E+001  0.312938E+001  0.600000E+001  0.125280E-002
  0.239187E+001  0.313239E+001  0.600000E+001  0.321041E-003
  0.239187E+001  0.353558E+001  0.600000E+001  0.599036E-003
  0.239187E+001  0.371114E+001  0.600000E+001  0.878440E-003
  0.239187E+001  0.382270E+001  0.600000E+001  0.688346E-003
  0.239617E+001  0.168471E+001  0.600000E+001  0.274260E-002
  0.239617E+001  0.313583E+001  0.600000E+001  0.568995E-003
  0.239617E+001  0.314351E+001  0.600000E+001  0.999463E-003
  0.239617E+001  0.354110E+001  0.600000E+001  0.597624E-003
  0.239617E+001  0.371954E+001  0.600000E+001  0.875694E-003
  0.239617E+001  0.382923E+001  0.600000E+001  0.686541E-003
  0.240046E+001  0.171032E+001  0.600000E+001  0.269832E-002
  0.240046E+001  0.314158E+001  0.600000E+001  0.441292E-003
  0.240046E+001  0.315529E+001  0.600000E+001  0.112056E-002
  0.240046E+001  0.354662E+001  0.600000E+001  0.596226E-003
  0.240046E+001  0.372794E+001  0.600000E+001  0.872958E-003
  0.240046E+001  0.383576E+001  0.600000E+001  0.684744E-003
  0.240476E+001  0.173556E+001  0.600000E+001  0.265592E-002
  0.240476E+001  0.314726E+001  0.600000E+001  0.394517E-003
  0.240476E+001  0.316711E+001  0.600000E+001  0.116066E-002
  0.240476E+001  0.355213E+001  0.600000E+001  0.594841E-003
  0.240476E+001  0.373632E+001  0.600000E+001  0.870235E-003
  0.240476E+001  0.384228E+001  0.600000E+001  0.682957E-003
  0.240906E+001  0.176046E+001  0.600000E+001  0.261525E-002
  0.240906E+001  0.315292E+001  0.600000E+001  0.370430E-003
  0.240906E+001  0.317891E+001  0.600000E+001  0.117812E-002
  0.240906E+001  0.355765E+001  0.600000E+001  0.593469E-003
  0.240906E+001  0.374468E+001  0.600000E+001  0.867522E-003
  0.240906E+001  0.384880E+001  0.600000E+001  0.681179E-003
  0.241335E+001  0.178503E+001  0.600000E+001  0.257621E-002
  0.241335E+001  0.315856E+001  0.600000E+001  0.355679E-003
  0.241335E+001  0.319068E+001  0.600000E+001  0.118629E-002
  0.241335E+001  0.356316E+001  0.600000E+001  0.592110E-003
  0.241335E+001  0.375304E+001  0.600000E+001  0.864822E-003
  0.241335E+001  0.385532E+001  0.600000E+001  0.679410E-003
  0.241765E+001  0.180928E+001  0.600000E+001  0.253869E-002
  0.241765E+001  0.316420E+001  0.600000E+001  0.345646E-003
  0.241765E+001  0.320243E+001  0.600000E+001  0.118981E-002
  0.241765E+001  0.356867E+001  0.600000E+001  0.590762E-003
  0.241765E+001  0.376138E+001  0.600000E+001  0.862133E-003
  0.241765E+001  0.386183E+001  0.600000E+001  0.677649E-003
  0.242194E+001  0.183322E+001  0.600000E+001  0.250259E-002
  0.242194E+001  0.316984E+001  0.600000E+001  0.338323E-003
  0.242194E+001  0.321414E+001  0.600000E+001  0.119068E-002
  0.242194E+001  0.357418E+001  0.600000E+001  0.589426E-003
  0.242194E+001  0.376971E+001  0.600000E+001  0.859457E-003
  0.242194E+001  0.386833E+001  0.600000E+001  0.675898E-003
  0.242624E+001  0.185686E+001  0.600000E+001  0.246782E-002
  0.242624E+001  0.317548E+001  0.600000E+001  0.332697E-003
  0.242624E+001  0.322582E+001  0.600000E+001  0.118992E-002
  0.242624E+001  0.357969E+001  0.600000E+001  0.588101E-003
  0.242624E+001  0.377803E+001  0.600000E+001  0.856793E-003
  0.242624E+001  0.387483E+001  0.600000E+001  0.674155E-003
  0.243054E+001  0.188022E+001  0.600000E+001  0.243430E-002
  0.243054E+001  0.318111E+001  0.600000E+001  0.328205E-003
  0.243054E+001  0.323747E+001  0.600000E+001  0.118808E-002
  0.243054E+001  0.358520E+001  0.600000E+001  0.586787E-003
  0.243054E+001  0.378633E+001  0.600000E+001  0.854141E-003
  0.243054E+001  0.388132E+001  0.600000E+001  0.672420E-003
  0.243483E+001  0.190331E+001  0.600000E+001  0.240196E-002
  0.243483E+001  0.318675E+001  0.600000E+001  0.324508E-003
  0.243483E+001  0.324908E+001  0.600000E+001  0.118551E-002
  0.243483E+001  0.359071E+001  0.600000E+001  0.585483E-003
  0.243483E+001  0.379462E+001  0.600000E+001  0.851501E-003
  0.243483E+001  0.388781E+001  0.600000E+001  0.670695E-003
  0.243913E+001  0.192614E+001  0.600000E+001  0.237072E-002
  0.243913E+001  0.319238E+001  0.600000E+001  0.321389E-003
  0.243913E+001  0.326065E+001  0.600000E+001  0.118243E-002
  0.243913E+001  0.359622E+001  0.600000E+001  0.584189E-003
  0.243913E+001  0.380290E+001  0.600000E+001  0.848875E-003
  0.243913E+001  0.389430E+001  0.600000E+001  0.668977E-003
  0.244342E+001  0.194871E+001  0.600000E+001  0.234053E-002
  0.244342E+001  0.319801E+001  0.600000E+001  0.318704E-003
  0.244342E+001  0.327220E+001  0.600000E+001  0.117897E-002
  0.244342E+001  0.360173E+001  0.600000E+001  0.582906E-003
  0.244342E+001  0.381117E+001  0.600000E+001  0.846261E-003
  0.244342E+001  0.390077E+001  0.600000E+001  0.667269E-003
  0.244772E+001  0.197103E+001  0.600000E+001  0.231133E-002
  0.244772E+001  0.320364E+001  0.600000E+001  0.316354E-003
  0.244772E+001  0.328371E+001  0.600000E+001  0.117523E-002
  0.244772E+001  0.360724E+001  0.600000E+001  0.581632E-003
  0.244772E+001  0.381942E+001  0.600000E+001  0.843660E-003
  0.244772E+001  0.390725E+001  0.600000E+001  0.665568E-003
  0.245202E+001  0.199312E+001  0.600000E+001  0.228307E-002
  0.245202E+001  0.320927E+001  0.600000E+001  0.314266E-003
  0.245202E+001  0.329519E+001  0.600000E+001  0.117128E-002
  0.245202E+001  0.361274E+001  0.600000E+001  0.580367E-003
  0.245202E+001  0.382767E+001  0.600000E+001  0.841071E-003
  0.245202E+001  0.391372E+001  0.600000E+001  0.663876E-003
  0.245631E+001  0.201498E+001  0.600000E+001  0.225568E-002
  0.245631E+001  0.321491E+001  0.600000E+001  0.312390E-003
  0.245631E+001  0.330663E+001  0.600000E+001  0.116718E-002
  0.245631E+001  0.361825E+001  0.600000E+001  0.579112E-003
  0.245631E+001  0.383590E+001  0.600000E+001  0.838495E-003
  0.245631E+001  0.392018E+001  0.600000E+001  0.662192E-003
  0.246061E+001  0.203661E+001  0.600000E+001  0.222914E-002
  0.246061E+001  0.322054E+001  0.600000E+001  0.310685E-003
  0.246061E+001  0.331805E+001  0.600000E+001  0.116297E-002
  0.246061E+001  0.362375E+001  0.600000E+001  0.577865E-003
  0.246061E+001  0.384412E+001  0.600000E+001  0.835933E-003
  0.246061E+001  0.392664E+001  0.600000E+001  0.660516E-003
  0.246490E+001  0.205803E+001  0.600000E+001  0.220339E-002
  0.246490E+001  0.322617E+001  0.600000E+001  0.309122E-003
  0.246490E+001  0.332943E+001  0.600000E+001  0.115867E-002
  0.246490E+001  0.362925E+001  0.600000E+001  0.576628E-003
  0.246490E+001  0.385233E+001  0.600000E+001  0.833383E-003
  0.246490E+001  0.393310E+001  0.600000E+001  0.658849E-003
  0.246920E+001  0.207925E+001  0.600000E+001  0.217840E-002
  0.246920E+001  0.323180E+001  0.600000E+001  0.307677E-003
  0.246920E+001  0.334078E+001  0.600000E+001  0.115430E-002
  0.246920E+001  0.363476E+001  0.600000E+001  0.575398E-003
  0.246920E+001  0.386052E+001  0.600000E+001  0.830846E-003
  0.246920E+001  0.393955E+001  0.600000E+001  0.657189E-003
  0.247350E+001  0.210026E+001  0.600000E+001  0.215413E-002
  0.247350E+001  0.323743E+001  0.600000E+001  0.306331E-003
  0.247350E+001  0.335209E+001  0.600000E+001  0.114989E-002
  0.247350E+001  0.364026E+001  0.600000E+001  0.574177E-003
  0.247350E+001  0.386871E+001  0.600000E+001  0.828322E-003
  0.247350E+001  0.394600E+001  0.600000E+001  0.655537E-003
  0.247779E+001  0.212107E+001  0.600000E+001  0.213055E-002
  0.247779E+001  0.324306E+001  0.600000E+001  0.305071E-003
  0.247779E+001  0.336338E+001  0.600000E+001  0.114545E-002
  0.247779E+001  0.364576E+001  0.600000E+001  0.572964E-003
  0.247779E+001  0.387688E+001  0.600000E+001  0.825811E-003
  0.247779E+001  0.395244E+001  0.600000E+001  0.653893E-003
  0.248209E+001  0.214169E+001  0.600000E+001  0.210762E-002
  0.248209E+001  0.324869E+001  0.600000E+001  0.303884E-003
  0.248209E+001  0.337463E+001  0.600000E+001  0.114098E-002
  0.248209E+001  0.365126E+001  0.600000E+001  0.571759E-003
  0.248209E+001  0.388504E+001  0.600000E+001  0.823313E-003
  0.248209E+001  0.395888E+001  0.600000E+001  0.652257E-003
  0.248638E+001  0.216213E+001  0.600000E+001  0.208531E-002
  0.248638E+001  0.325432E+001  0.600000E+001  0.302761E-003
  0.248638E+001  0.338586E+001  0.600000E+001  0.113650E-002
  0.248638E+001  0.365676E+001  0.600000E+001  0.570561E-003
  0.248638E+001  0.389319E+001  0.600000E+001  0.820827E-003
  0.248638E+001  0.396531E+001  0.600000E+001  0.650629E-003
  0.249068E+001  0.218239E+001  0.600000E+001  0.206360E-002
  0.249068E+001  0.325995E+001  0.600000E+001  0.301692E-003
  0.249068E+001  0.339705E+001  0.600000E+001  0.113202E-002
  0.249068E+001  0.366225E+001  0.600000E+001  0.569371E-003
  0.249068E+001  0.390133E+001  0.600000E+001  0.818355E-003
  0.249068E+001  0.397174E+001  0.600000E+001  0.649009E-003
  0.249498E+001  0.220248E+001  0.600000E+001  0.204245E-002
  0.249498E+001  0.326559E+001  0.600000E+001  0.300673E-003
  0.249498E+001  0.340822E+001  0.600000E+001  0.112754E-002
  0.249498E+001  0.366775E+001  0.600000E+001  0.568188E-003
  0.249498E+001  0.390946E+001  0.600000E+001  0.815895E-003
  0.249498E+001  0.397816E+001  0.600000E+001  0.647396E-003
  0.249927E+001  0.222239E+001  0.600000E+001  0.202185E-002
  0.249927E+001  0.327122E+001  0.600000E+001  0.299696E-003
  0.249927E+001  0.341935E+001  0.600000E+001  0.112306E-002
  0.249927E+001  0.367325E+001  0.600000E+001  0.567013E-003
  0.249927E+001  0.391758E+001  0.600000E+001  0.813449E-003
  0.249927E+001  0.398458E+001  0.600000E+001  0.645790E-003
  0.250357E+001  0.224214E+001  0.600000E+001  0.200177E-002
  0.250357E+001  0.327685E+001  0.600000E+001  0.298758E-003
  0.250357E+001  0.343046E+001  0.600000E+001  0.111859E-002
  0.250357E+001  0.367875E+001  0.600000E+001  0.565844E-003
  0.250357E+001  0.392568E+001  0.600000E+001  0.811015E-003
  0.250357E+001  0.399099E+001  0.600000E+001  0.644193E-003
  0.250786E+001  0.226172E+001  0.600000E+001  0.198220E-002
  0.250786E+001  0.328248E+001  0.600000E+001  0.297853E-003
  0.250786E+001  0.344154E+001  0.600000E+001  0.111414E-002
  0.250786E+001  0.368424E+001  0.600000E+001  0.564683E-003
  0.250786E+001  0.393378E+001  0.600000E+001  0.808594E-003
  0.250786E+001  0.399740E+001  0.600000E+001  0.642602E-003
  0.251216E+001  0.228115E+001  0.600000E+001  0.196309E-002
  0.251216E+001  0.328811E+001  0.600000E+001  0.296980E-003
  0.251216E+001  0.345258E+001  0.600000E+001  0.110970E-002
  0.251216E+001  0.368974E+001  0.600000E+001  0.563528E-003
  0.251216E+001  0.394186E+001  0.600000E+001  0.806185E-003
  0.251216E+001  0.400381E+001  0.600000E+001  0.641019E-003
  0.251646E+001  0.230043E+001  0.600000E+001  0.194445E-002
  0.251646E+001  0.329374E+001  0.600000E+001  0.296134E-003
  0.251646E+001  0.346360E+001  0.600000E+001  0.110528E-002
  0.251646E+001  0.369523E+001  0.600000E+001  0.562380E-003
  0.251646E+001  0.394993E+001  0.600000E+001  0.803789E-003
  0.251646E+001  0.401021E+001  0.600000E+001  0.639444E-003
  0.252075E+001  0.231956E+001  0.600000E+001  0.192625E-002
  0.252075E+001  0.329937E+001  0.600000E+001  0.295313E-003
  0.252075E+001  0.347459E+001  0.600000E+001  0.110088E-002
  0.252075E+001  0.370072E+001  0.600000E+001  0.561239E-003
  0.252075E+001  0.395799E+001  0.600000E+001  0.801406E-003
  0.252075E+001  0.401660E+001  0.600000E+001  0.637875E-003
  0.252505E+001  0.233854E+001  0.600000E+001  0.190847E-002
  0.252505E+001  0.330500E+001  0.600000E+001  0.294515E-003
  0.252505E+001  0.348556E+001  0.600000E+001  0.109650E-002
  0.252505E+001  0.370621E+001  0.600000E+001  0.560104E-003
  0.252505E+001  0.396604E+001  0.600000E+001  0.799036E-003
  0.252505E+001  0.402300E+001  0.600000E+001  0.636314E-003
  0.252934E+001  0.235737E+001  0.600000E+001  0.189110E-002
  0.252934E+001  0.331063E+001  0.600000E+001  0.293737E-003
  0.252934E+001  0.349649E+001  0.600000E+001  0.109215E-002
  0.252934E+001  0.371171E+001  0.600000E+001  0.558975E-003
  0.252934E+001  0.397408E+001  0.600000E+001  0.796678E-003
  0.252934E+001  0.402938E+001  0.600000E+001  0.634760E-003
  0.253364E+001  0.237607E+001  0.600000E+001  0.187412E-002
  0.253364E+001  0.331626E+001  0.600000E+001  0.292979E-003
  0.253364E+001  0.350740E+001  0.600000E+001  0.108782E-002
  0.253364E+001  0.371720E+001  0.600000E+001  0.557853E-003
  0.253364E+001  0.398211E+001  0.600000E+001  0.794332E-003
  0.253364E+001  0.403577E+001  0.600000E+001  0.633213E-003
  0.253794E+001  0.239464E+001  0.600000E+001  0.185752E-002
  0.253794E+001  0.332189E+001  0.600000E+001  0.292238E-003
  0.253794E+001  0.351828E+001  0.600000E+001  0.108351E-002
  0.253794E+001  0.372269E+001  0.600000E+001  0.556737E-003
  0.253794E+001  0.399013E+001  0.600000E+001  0.791999E-003
  0.253794E+001  0.404215E+001  0.600000E+001  0.631673E-003
  0.254223E+001  0.241307E+001  0.600000E+001  0.184128E-002
  0.254223E+001  0.332752E+001  0.600000E+001  0.291513E-003
  0.254223E+001  0.352913E+001  0.600000E+001  0.107924E-002
  0.254223E+001  0.372818E+001  0.600000E+001  0.555626E-003
  0.254223E+001  0.399814E+001  0.600000E+001  0.789678E-003
  0.254223E+001  0.404852E+001  0.600000E+001  0.630140E-003
  0.254653E+001  0.243137E+001  0.600000E+001  0.182539E-002
  0.254653E+001  0.333315E+001  0.600000E+001  0.290803E-003
  0.254653E+001  0.353996E+001  0.600000E+001  0.107498E-002
  0.254653E+001  0.373367E+001  0.600000E+001  0.554522E-003
  0.254653E+001  0.400614E+001  0.600000E+001  0.787370E-003
  0.254653E+001  0.405489E+001  0.600000E+001  0.628614E-003
  0.255082E+001  0.244955E+001  0.600000E+001  0.180984E-002
  0.255082E+001  0.333878E+001  0.600000E+001  0.290107E-003
  0.255082E+001  0.355076E+001  0.600000E+001  0.107076E-002
  0.255082E+001  0.373915E+001  0.600000E+001  0.553423E-003
  0.255082E+001  0.401413E+001  0.600000E+001  0.785074E-003
  0.255082E+001  0.406126E+001  0.600000E+001  0.627095E-003
  0.255512E+001  0.246760E+001  0.600000E+001  0.179461E-002
  0.255512E+001  0.334441E+001  0.600000E+001  0.289424E-003
  0.255512E+001  0.356153E+001  0.600000E+001  0.106656E-002
  0.255512E+001  0.374464E+001  0.600000E+001  0.552330E-003
  0.255512E+001  0.402210E+001  0.600000E+001  0.782790E-003
  0.255512E+001  0.406762E+001  0.600000E+001  0.625582E-003
  0.255942E+001  0.248553E+001  0.600000E+001  0.177970E-002
  0.255942E+001  0.335004E+001  0.600000E+001  0.288753E-003
  0.255942E+001  0.357228E+001  0.600000E+001  0.106239E-002
  0.255942E+001  0.375013E+001  0.600000E+001  0.551243E-003
  0.255942E+001  0.403007E+001  0.600000E+001  0.780518E-003
  0.255942E+001  0.407398E+001  0.600000E+001  0.624076E-003
  0.256371E+001  0.250334E+001  0.600000E+001  0.176509E-002
  0.256371E+001  0.335567E+001  0.600000E+001  0.288092E-003
  0.256371E+001  0.358300E+001  0.600000E+001  0.105825E-002
  0.256371E+001  0.375562E+001  0.600000E+001  0.550161E-003
  0.256371E+001  0.403803E+001  0.600000E+001  0.778258E-003
  0.256371E+001  0.408033E+001  0.600000E+001  0.622577E-003
  0.256801E+001  0.252104E+001  0.600000E+001  0.175077E-002
  0.256801E+001  0.336130E+001  0.600000E+001  0.287443E-003
  0.256801E+001  0.359370E+001  0.600000E+001  0.105414E-002
  0.256801E+001  0.376110E+001  0.600000E+001  0.549084E-003
  0.256801E+001  0.404597E+001  0.600000E+001  0.776010E-003
  0.256801E+001  0.408668E+001  0.600000E+001  0.621085E-003
  0.257230E+001  0.253862E+001  0.600000E+001  0.173674E-002
  0.257230E+001  0.336693E+001  0.600000E+001  0.286803E-003
  0.257230E+001  0.360437E+001  0.600000E+001  0.105006E-002
  0.257230E+001  0.376659E+001  0.600000E+001  0.548013E-003
  0.257230E+001  0.405391E+001  0.600000E+001  0.773774E-003
  0.257230E+001  0.409303E+001  0.600000E+001  0.619599E-003
  0.257660E+001  0.255609E+001  0.600000E+001  0.172298E-002
  0.257660E+001  0.337256E+001  0.600000E+001  0.286172E-003
  0.257660E+001  0.361501E+001  0.600000E+001  0.104601E-002
  0.257660E+001  0.377207E+001  0.600000E+001  0.546947E-003
  0.257660E+001  0.406183E+001  0.600000E+001  0.771549E-003
  0.257660E+001  0.409937E+001  0.600000E+001  0.618119E-003
  0.258090E+001  0.257346E+001  0.600000E+001  0.170949E-002
  0.258090E+001  0.337819E+001  0.600000E+001  0.285550E-003
  0.258090E+001  0.362563E+001  0.600000E+001  0.104198E-002
  0.258090E+001  0.377755E+001  0.600000E+001  0.545887E-003
  0.258090E+001  0.406975E+001  0.600000E+001  0.769337E-003
  0.258090E+001  0.410571E+001  0.600000E+001  0.616646E-003
  0.258519E+001  0.259071E+001  0.600000E+001  0.169625E-002
  0.258519E+001  0.338382E+001  0.600000E+001  0.284937E-003
  0.258519E+001  0.363623E+001  0.600000E+001  0.103799E-002
  0.258519E+001  0.378304E+001  0.600000E+001  0.544831E-003
  0.258519E+001  0.407766E+001  0.600000E+001  0.767136E-003
  0.258519E+001  0.411204E+001  0.600000E+001  0.615179E-003
  0.258949E+001  0.260786E+001  0.600000E+001  0.168326E-002
  0.258949E+001  0.338945E+001  0.600000E+001  0.284331E-003
  0.258949E+001  0.364680E+001  0.600000E+001  0.103402E-002
  0.258949E+001  0.378852E+001  0.600000E+001  0.543781E-003
  0.258949E+001  0.408555E+001  0.600000E+001  0.764947E-003
  0.258949E+001  0.411837E+001  0.600000E+001  0.613719E-003
  0.259378E+001  0.262491E+001  0.600000E+001  0.167052E-002
  0.259378E+001  0.339508E+001  0.600000E+001  0.283732E-003
  0.259378E+001  0.365734E+001  0.600000E+001  0.103008E-002
  0.259378E+001  0.379400E+001  0.600000E+001  0.542735E-003
  0.259378E+001  0.409344E+001  0.600000E+001  0.762769E-003
  0.259378E+001  0.412470E+001  0.600000E+001  0.612265E-003
  0.259808E+001  0.264186E+001  0.600000E+001  0.165800E-002
  0.259808E+001  0.340071E+001  0.600000E+001  0.283141E-003
  0.259808E+001  0.366787E+001  0.600000E+001  0.102617E-002
  0.259808E+001  0.379948E+001  0.600000E+001  0.541695E-003
  0.259808E+001  0.410132E+001  0.600000E+001  0.760603E-003
  0.259808E+001  0.413102E+001  0.600000E+001  0.610816E-003
  0.260238E+001  0.265871E+001  0.600000E+001  0.164571E-002
  0.260238E+001  0.340634E+001  0.600000E+001  0.282556E-003
  0.260238E+001  0.367836E+001  0.600000E+001  0.102229E-002
  0.260238E+001  0.380496E+001  0.600000E+001  0.540659E-003
  0.260238E+001  0.410918E+001  0.600000E+001  0.758448E-003
  0.260238E+001  0.413734E+001  0.600000E+001  0.609374E-003
  0.260667E+001  0.267546E+001  0.600000E+001  0.163365E-002
  0.260667E+001  0.341197E+001  0.600000E+001  0.281977E-003
  0.260667E+001  0.368884E+001  0.600000E+001  0.101844E-002
  0.260667E+001  0.381044E+001  0.600000E+001  0.539628E-003
  0.260667E+001  0.411704E+001  0.600000E+001  0.756304E-003
  0.260667E+001  0.414365E+001  0.600000E+001  0.607938E-003
  0.261097E+001  0.269211E+001  0.600000E+001  0.162179E-002
  0.261097E+001  0.341760E+001  0.600000E+001  0.281405E-003
  0.261097E+001  0.369929E+001  0.600000E+001  0.101461E-002
  0.261097E+001  0.381592E+001  0.600000E+001  0.538602E-003
  0.261097E+001  0.412489E+001  0.600000E+001  0.754172E-003
  0.261097E+001  0.414996E+001  0.600000E+001  0.606508E-003
  0.261526E+001  0.270868E+001  0.600000E+001  0.161014E-002
  0.261526E+001  0.342324E+001  0.600000E+001  0.280838E-003
  0.261526E+001  0.370972E+001  0.600000E+001  0.101082E-002
  0.261526E+001  0.382140E+001  0.600000E+001  0.537580E-003
  0.261526E+001  0.413273E+001  0.600000E+001  0.752050E-003
  0.261526E+001  0.415626E+001  0.600000E+001  0.605083E-003
  0.261956E+001  0.272515E+001  0.600000E+001  0.159870E-002
  0.261956E+001  0.342887E+001  0.600000E+001  0.280277E-003
  0.261956E+001  0.372012E+001  0.600000E+001  0.100705E-002
  0.261956E+001  0.382688E+001  0.600000E+001  0.536563E-003
  0.261956E+001  0.414056E+001  0.600000E+001  0.749940E-003
  0.261956E+001  0.416257E+001  0.600000E+001  0.603665E-003
  0.262386E+001  0.274153E+001  0.600000E+001  0.158744E-002
  0.262386E+001  0.343450E+001  0.600000E+001  0.279721E-003
  0.262386E+001  0.373050E+001  0.600000E+001  0.100331E-002
  0.262386E+001  0.383236E+001  0.600000E+001  0.535551E-003
  0.262386E+001  0.414838E+001  0.600000E+001  0.747840E-003
  0.262386E+001  0.416886E+001  0.600000E+001  0.602251E-003
  0.262815E+001  0.275782E+001  0.600000E+001  0.157638E-002
  0.262815E+001  0.344013E+001  0.600000E+001  0.279170E-003
  0.262815E+001  0.374086E+001  0.600000E+001  0.999595E-003
  0.262815E+001  0.383783E+001  0.600000E+001  0.534543E-003
  0.262815E+001  0.415619E+001  0.600000E+001  0.745750E-003
  0.262815E+001  0.417516E+001  0.600000E+001  0.600843E-003
  0.263245E+001  0.277403E+001  0.600000E+001  0.156550E-002
  0.263245E+001  0.344576E+001  0.600000E+001  0.278624E-003
  0.263245E+001  0.375120E+001  0.600000E+001  0.995910E-003
  0.263245E+001  0.384331E+001  0.600000E+001  0.533539E-003
  0.263245E+001  0.416399E+001  0.600000E+001  0.743671E-003
  0.263245E+001  0.418145E+001  0.600000E+001  0.599440E-003
  0.263674E+001  0.279015E+001  0.600000E+001  0.155480E-002
  0.263674E+001  0.345139E+001  0.600000E+001  0.278082E-003
  0.263674E+001  0.376151E+001  0.600000E+001  0.992253E-003
  0.263674E+001  0.384879E+001  0.600000E+001  0.532540E-003
  0.263674E+001  0.417178E+001  0.600000E+001  0.741602E-003
  0.263674E+001  0.418773E+001  0.600000E+001  0.598042E-003
  0.264104E+001  0.280619E+001  0.600000E+001  0.154428E-002
  0.264104E+001  0.345702E+001  0.600000E+001  0.277545E-003
  0.264104E+001  0.377181E+001  0.600000E+001  0.988622E-003
  0.264104E+001  0.385426E+001  0.600000E+001  0.531545E-003
  0.264104E+001  0.417956E+001  0.600000E+001  0.739543E-003
  0.264104E+001  0.419402E+001  0.600000E+001  0.596647E-003
  0.264534E+001  0.282214E+001  0.600000E+001  0.153392E-002
  0.264534E+001  0.346265E+001  0.600000E+001  0.277013E-003
  0.264534E+001  0.378208E+001  0.600000E+001  0.985019E-003
  0.264534E+001  0.385974E+001  0.600000E+001  0.530554E-003
  0.264534E+001  0.418734E+001  0.600000E+001  0.737492E-003
  0.264534E+001  0.420029E+001  0.600000E+001  0.595256E-003
  0.264963E+001  0.283801E+001  0.600000E+001  0.152373E-002
  0.264963E+001  0.346828E+001  0.600000E+001  0.276485E-003
  0.264963E+001  0.379232E+001  0.600000E+001  0.981442E-003
  0.264963E+001  0.386521E+001  0.600000E+001  0.529567E-003
  0.264963E+001  0.419510E+001  0.600000E+001  0.735449E-003
  0.264963E+001  0.420657E+001  0.600000E+001  0.593868E-003
  0.265393E+001  0.285381E+001  0.600000E+001  0.151370E-002
  0.265393E+001  0.347391E+001  0.600000E+001  0.275960E-003
  0.265393E+001  0.380255E+001  0.600000E+001  0.977892E-003
  0.265393E+001  0.387068E+001  0.600000E+001  0.528584E-003
  0.265393E+001  0.420286E+001  0.600000E+001  0.733413E-003
  0.265393E+001  0.421284E+001  0.600000E+001  0.592479E-003
  0.265822E+001  0.286952E+001  0.600000E+001  0.150383E-002
  0.265822E+001  0.347954E+001  0.600000E+001  0.275440E-003
  0.265822E+001  0.381276E+001  0.600000E+001  0.974368E-003
  0.265822E+001  0.387616E+001  0.600000E+001  0.527606E-003
  0.265822E+001  0.421060E+001  0.600000E+001  0.731378E-003
  0.265822E+001  0.421911E+001  0.600000E+001  0.591086E-003
  0.266252E+001  0.288516E+001  0.600000E+001  0.149411E-002
  0.266252E+001  0.348517E+001  0.600000E+001  0.274923E-003
  0.266252E+001  0.382294E+001  0.600000E+001  0.970870E-003
  0.266252E+001  0.388163E+001  0.600000E+001  0.526631E-003
  0.266252E+001  0.421834E+001  0.600000E+001  0.729339E-003
  0.266252E+001  0.422537E+001  0.600000E+001  0.589679E-003
  0.266682E+001  0.290072E+001  0.600000E+001  0.148454E-002
  0.266682E+001  0.349080E+001  0.600000E+001  0.274410E-003
  0.266682E+001  0.383310E+001  0.600000E+001  0.967398E-003
  0.266682E+001  0.388710E+001  0.600000E+001  0.525661E-003
  0.266682E+001  0.422607E+001  0.600000E+001  0.727277E-003
  0.266682E+001  0.423163E+001  0.600000E+001  0.588236E-003
  0.267111E+001  0.291621E+001  0.600000E+001  0.147511E-002
  0.267111E+001  0.349643E+001  0.600000E+001  0.273901E-003
  0.267111E+001  0.384324E+001  0.600000E+001  0.963951E-003
  0.267111E+001  0.389257E+001  0.600000E+001  0.524694E-003
  0.267111E+001  0.423379E+001  0.600000E+001  0.725137E-003
  0.267111E+001  0.423789E+001  0.600000E+001  0.586690E-003
  0.267541E+001  0.293162E+001  0.600000E+001  0.146583E-002
  0.267541E+001  0.350206E+001  0.600000E+001  0.273395E-003
  0.267541E+001  0.385336E+001  0.600000E+001  0.960530E-003
  0.267541E+001  0.389804E+001  0.600000E+001  0.523730E-003
  0.267541E+001  0.424150E+001  0.600000E+001  0.722675E-003
  0.267541E+001  0.424414E+001  0.600000E+001  0.584739E-003
  0.267970E+001  0.294696E+001  0.500000E+001  0.145668E-002
  0.267970E+001  0.350769E+001  0.500000E+001  0.272892E-003
  0.267970E+001  0.386346E+001  0.500000E+001  0.957134E-003
  0.267970E+001  0.390351E+001  0.500000E+001  0.522771E-003
  0.267970E+001  0.425039E+001  0.500000E+001  0.579289E-003
  0.268400E+001  0.296223E+001  0.500000E+001  0.144767E-002
  0.268400E+001  0.351332E+001  0.500000E+001  0.272393E-003
  0.268400E+001  0.387354E+001  0.500000E+001  0.953763E-003
  0.268400E+001  0.390898E+001  0.500000E+001  0.521814E-003
  0.268400E+001  0.425663E+001  0.500000E+001  0.458048E-003
