 -0.150000E+002  0.188496E+002  0.694629E+001 -0.141387E+001  0.694629E+001  0.141387E+001
 -0.149000E+002  0.188496E+002  0.689488E+001 -0.142063E+001  0.689488E+001  0.142063E+001
 -0.148000E+002  0.188496E+002  0.684344E+001 -0.142732E+001  0.684344E+001  0.142732E+001
 -0.147000E+002  0.188496E+002  0.679195E+001 -0.143393E+001  0.679195E+001  0.143393E+001
 -0.146000E+002  0.188496E+002  0.674042E+001 -0.144046E+001  0.674042E+001  0.144046E+001
 -0.145000E+002  0.188496E+002  0.668884E+001 -0.144691E+001  0.668884E+001  0.144691E+001
 -0.144000E+002  0.188496E+002  0.663723E+001 -0.145329E+001  0.663723E+001  0.145329E+001
 -0.143000E+002  0.188496E+002  0.658557E+001 -0.145960E+001  0.658557E+001  0.145960E+001
 -0.142000E+002  0.188496E+002  0.653387E+001 -0.146583E+001  0.653387E+001  0.146583E+001
 -0.141000E+002  0.188496E+002  0.648212E+001 -0.147199E+001  0.648212E+001  0.147199E+001
 -0.140000E+002  0.188496E+002  0.643033E+001 -0.147808E+001  0.643033E+001  0.147808E+001
 -0.139000E+002  0.188496E+002  0.637848E+001 -0.148410E+001  0.637848E+001  0.148410E+001
 -0.138000E+002  0.188496E+002  0.632659E+001 -0.149005E+001  0.632659E+001  0.149005E+001
 -0.137000E+002  0.188496E+002  0.627465E+001 -0.149593E+001  0.627465E+001  0.149593E+001
 -0.136000E+002  0.188496E+002  0.622265E+001 -0.150174E+001  0.622265E+001  0.150174E+001
 -0.135000E+002  0.188496E+002  0.617060E+001 -0.150748E+001  0.617060E+001  0.150748E+001
 -0.134000E+002  0.188496E+002  0.611850E+001 -0.151315E+001  0.611850E+001  0.151315E+001
 -0.133000E+002  0.188496E+002  0.606634E+001 -0.151876E+001  0.606634E+001  0.151876E+001
 -0.132000E+002  0.188496E+002  0.601413E+001 -0.152431E+001  0.601413E+001  0.152431E+001
 -0.131000E+002  0.188496E+002  0.596185E+001 -0.152978E+001  0.596185E+001  0.152978E+001
 -0.130000E+002  0.188496E+002  0.590952E+001 -0.153520E+001  0.590952E+001  0.153520E+001
 -0.129000E+002  0.188496E+002  0.585712E+001 -0.154055E+001  0.585712E+001  0.154055E+001
 -0.128000E+002  0.188496E+002  0.580466E+001 -0.154583E+001  0.580466E+001  0.154583E+001
 -0.127000E+002  0.188496E+002  0.575213E+001 -0.155106E+001  0.575213E+001  0.155106E+001
 -0.126000E+002  0.188496E+002  0.569953E+001 -0.155622E+001  0.569953E+001  0.155622E+001
 -0.125000E+002  0.188496E+002  0.564687E+001 -0.156132E+001  0.564687E+001  0.156132E+001
 -0.124000E+002  0.188496E+002  0.559413E+001 -0.156636E+001  0.559413E+001  0.156636E+001
 -0.123000E+002  0.188496E+002  0.554133E+001 -0.157133E+001  0.554133E+001  0.157133E+001
 -0.122000E+002  0.188496E+002  0.548844E+001 -0.157625E+001  0.548844E+001  0.157625E+001
 -0.121000E+002  0.188496E+002  0.543548E+001 -0.158111E+001  0.543548E+001  0.158111E+001
 -0.120000E+002  0.188496E+002  0.538244E+001 -0.158591E+001  0.538244E+001  0.158591E+001
 -0.119000E+002  0.188496E+002  0.532931E+001 -0.159064E+001  0.532931E+001  0.159064E+001
 -0.118000E+002  0.188496E+002  0.527610E+001 -0.159532E+001  0.527610E+001  0.159532E+001
 -0.117000E+002  0.188496E+002  0.522280E+001 -0.159995E+001  0.522280E+001  0.159995E+001
 -0.116000E+002  0.188496E+002  0.516941E+001 -0.160451E+001  0.516941E+001  0.160451E+001
 -0.115000E+002  0.188496E+002  0.511593E+001 -0.160902E+001  0.511593E+001  0.160902E+001
 -0.114000E+002  0.188496E+002  0.506235E+001 -0.161347E+001  0.506235E+001  0.161347E+001
 -0.113000E+002  0.188496E+002  0.500867E+001 -0.161786E+001  0.500867E+001  0.161786E+001
 -0.112000E+002  0.188496E+002  0.495489E+001 -0.162219E+001  0.495489E+001  0.162219E+001
 -0.111000E+002  0.188496E+002  0.490100E+001 -0.162647E+001  0.490100E+001  0.162647E+001
 -0.110000E+002  0.188496E+002  0.484701E+001 -0.163069E+001  0.484701E+001  0.163069E+001
 -0.109000E+002  0.188496E+002  0.479289E+001 -0.163486E+001  0.479289E+001  0.163486E+001
 -0.108000E+002  0.188496E+002  0.473866E+001 -0.163897E+001  0.473866E+001  0.163897E+001
 -0.107000E+002  0.188496E+002  0.468431E+001 -0.164303E+001  0.468431E+001  0.164303E+001
 -0.106000E+002  0.188496E+002  0.462983E+001 -0.164703E+001  0.462983E+001  0.164703E+001
 -0.105000E+002  0.188496E+002  0.457523E+001 -0.165097E+001  0.457523E+001  0.165097E+001
 -0.104000E+002  0.188496E+002  0.452048E+001 -0.165486E+001  0.452048E+001  0.165486E+001
 -0.103000E+002  0.188496E+002  0.446559E+001 -0.165869E+001  0.446559E+001  0.165869E+001
 -0.102000E+002  0.188496E+002  0.441056E+001 -0.166247E+001  0.441056E+001  0.166247E+001
 -0.101000E+002  0.188496E+002  0.435538E+001 -0.166619E+001  0.435538E+001  0.166619E+001
 -0.100000E+002  0.188496E+002  0.430004E+001 -0.166986E+001  0.430004E+001  0.166986E+001
 -0.990000E+001  0.188496E+002  0.424453E+001 -0.167348E+001  0.424453E+001  0.167348E+001
 -0.980000E+001  0.188496E+002  0.418885E+001 -0.167703E+001  0.418885E+001  0.167703E+001
 -0.970000E+001  0.188496E+002  0.413300E+001 -0.168054E+001  0.413300E+001  0.168054E+001
 -0.960000E+001  0.188496E+002  0.407696E+001 -0.168399E+001  0.407696E+001  0.168399E+001
 -0.950000E+001  0.188496E+002  0.402072E+001 -0.168738E+001  0.402072E+001  0.168738E+001
 -0.940000E+001  0.188496E+002  0.396429E+001 -0.169072E+001  0.396429E+001  0.169072E+001
 -0.930000E+001  0.188496E+002  0.390764E+001 -0.169400E+001  0.390764E+001  0.169400E+001
 -0.920000E+001  0.188496E+002  0.385077E+001 -0.169723E+001  0.385077E+001  0.169723E+001
 -0.910000E+001  0.188496E+002  0.379367E+001 -0.170039E+001  0.379367E+001  0.170039E+001
 -0.900000E+001  0.188496E+002  0.373633E+001 -0.170351E+001  0.373633E+001  0.170351E+001
 -0.890000E+001  0.188496E+002  0.367874E+001 -0.170656E+001  0.367874E+001  0.170656E+001
 -0.880000E+001  0.188496E+002  0.362088E+001 -0.170956E+001  0.362088E+001  0.170956E+001
 -0.870000E+001  0.188496E+002  0.356275E+001 -0.171251E+001  0.356275E+001  0.171251E+001
 -0.860000E+001  0.188496E+002  0.350432E+001 -0.171539E+001  0.350432E+001  0.171539E+001
 -0.850000E+001  0.188496E+002  0.344558E+001 -0.171821E+001  0.344558E+001  0.171821E+001
 -0.840000E+001  0.188496E+002  0.338651E+001 -0.172098E+001  0.338651E+001  0.172098E+001
 -0.830000E+001  0.188496E+002  0.332711E+001 -0.172368E+001  0.332711E+001  0.172368E+001
 -0.820000E+001  0.188496E+002  0.326734E+001 -0.172632E+001  0.326734E+001  0.172632E+001
 -0.810000E+001  0.188496E+002  0.320719E+001 -0.172891E+001  0.320719E+001  0.172891E+001
 -0.800000E+001  0.188496E+002  0.314663E+001 -0.173142E+001  0.314663E+001  0.173142E+001
 -0.790000E+001  0.188496E+002  0.308564E+001 -0.173388E+001  0.308564E+001  0.173388E+001
 -0.780000E+001  0.188496E+002  0.302420E+001 -0.173627E+001  0.302420E+001  0.173627E+001
 -0.770000E+001  0.188496E+002  0.296226E+001 -0.173859E+001  0.296226E+001  0.173859E+001
 -0.760000E+001  0.188496E+002  0.289981E+001 -0.174084E+001  0.289981E+001  0.174084E+001
 -0.750000E+001  0.188496E+002  0.283681E+001 -0.174303E+001  0.283681E+001  0.174303E+001
 -0.740000E+001  0.188496E+002  0.277321E+001 -0.174514E+001  0.277321E+001  0.174514E+001
 -0.730000E+001  0.188496E+002  0.270897E+001 -0.174717E+001  0.270897E+001  0.174717E+001
 -0.720000E+001  0.188496E+002  0.264405E+001 -0.174914E+001  0.264405E+001  0.174914E+001
 -0.710000E+001  0.188496E+002  0.257839E+001 -0.175102E+001  0.257839E+001  0.175102E+001
 -0.700000E+001  0.188496E+002  0.251193E+001 -0.175282E+001  0.251193E+001  0.175282E+001
 -0.690000E+001  0.188496E+002  0.244461E+001 -0.175454E+001  0.244461E+001  0.175454E+001
 -0.680000E+001  0.188496E+002  0.237634E+001 -0.175616E+001  0.237634E+001  0.175616E+001
 -0.670000E+001  0.188496E+002  0.230704E+001 -0.175770E+001  0.230704E+001  0.175770E+001
 -0.660000E+001  0.188496E+002  0.223661E+001 -0.175914E+001  0.223661E+001  0.175914E+001
 -0.650000E+001  0.188496E+002  0.216494E+001 -0.176047E+001  0.216494E+001  0.176047E+001
 -0.640000E+001  0.188496E+002  0.209190E+001 -0.176170E+001  0.209190E+001  0.176170E+001
 -0.630000E+001  0.188496E+002  0.201732E+001 -0.176281E+001  0.201732E+001  0.176281E+001
 -0.620000E+001  0.188496E+002  0.194102E+001 -0.176380E+001  0.194102E+001  0.176380E+001
 -0.610000E+001  0.188496E+002  0.186279E+001 -0.176467E+001  0.186279E+001  0.176467E+001
 -0.600000E+001  0.188496E+002  0.178236E+001 -0.176539E+001  0.178236E+001  0.176539E+001
 -0.590000E+001  0.188496E+002  0.169941E+001 -0.176596E+001  0.169941E+001  0.176596E+001
 -0.580000E+001  0.188496E+002  0.161353E+001 -0.176636E+001  0.161353E+001  0.176636E+001
 -0.570000E+001  0.188496E+002  0.152421E+001 -0.176659E+001  0.152421E+001  0.176659E+001
 -0.560000E+001  0.188496E+002  0.143078E+001 -0.176662E+001  0.143078E+001  0.176662E+001
 -0.550000E+001  0.188496E+002  0.133235E+001 -0.176642E+001  0.133235E+001  0.176642E+001
 -0.540000E+001  0.188496E+002  0.122769E+001 -0.176599E+001  0.122769E+001  0.176599E+001
 -0.530000E+001  0.188496E+002  0.111499E+001 -0.176528E+001  0.111499E+001  0.176528E+001
 -0.520000E+001  0.188496E+002  0.991442E+000 -0.176425E+001  0.991442E+000  0.176425E+001
 -0.510000E+001  0.188496E+002  0.852251E+000 -0.176286E+001  0.852251E+000  0.176286E+001
 -0.500000E+001  0.188496E+002  0.687834E+000 -0.176105E+001  0.687834E+000  0.176105E+001
 -0.490000E+001  0.188496E+002  0.472282E+000 -0.175875E+001  0.472282E+000  0.175875E+001
 -0.480000E+001  0.188496E+002  0.000000E+000  0.191144E+001  0.000000E+000  0.160026E+001
 -0.470000E+001  0.188496E+002  0.000000E+000  0.227099E+001  0.000000E+000  0.123346E+001
 -0.460000E+001  0.188496E+002  0.000000E+000  0.246343E+001  0.000000E+000  0.103193E+001
 -0.450000E+001  0.188496E+002  0.000000E+000  0.261067E+001  0.000000E+000  0.873257E+000
 -0.440000E+001  0.188496E+002  0.000000E+000  0.273344E+001  0.000000E+000  0.735892E+000
 -0.430000E+001  0.188496E+002  0.000000E+000  0.284011E+001  0.000000E+000  0.610142E+000
 -0.420000E+001  0.188496E+002  0.000000E+000  0.293507E+001  0.000000E+000  0.489214E+000
 -0.410000E+001  0.188496E+002  0.000000E+000  0.302097E+001  0.000000E+000  0.365247E+000
 -0.400000E+001  0.188496E+002  0.000000E+000  0.309955E+001  0.000000E+000  0.219937E+000
 -0.390000E+001  0.188496E+002  0.000000E+000  0.317204E+001  0.141605E+000  0.000000E+000
 -0.380000E+001  0.188496E+002  0.000000E+000  0.323931E+001  0.273871E+000  0.000000E+000
 -0.370000E+001  0.188496E+002  0.000000E+000  0.330206E+001  0.344768E+000  0.000000E+000
 -0.360000E+001  0.188496E+002  0.000000E+000  0.336081E+001  0.391774E+000  0.000000E+000
 -0.350000E+001  0.188496E+002  0.000000E+000  0.341599E+001  0.424675E+000  0.000000E+000
 -0.340000E+001  0.188496E+002  0.000000E+000  0.346793E+001  0.447941E+000  0.000000E+000
 -0.330000E+001  0.188496E+002  0.000000E+000  0.351693E+001  0.464096E+000  0.000000E+000
 -0.320000E+001  0.188496E+002  0.000000E+000  0.356321E+001  0.474740E+000  0.000000E+000
 -0.310000E+001  0.188496E+002  0.000000E+000  0.360699E+001  0.480970E+000  0.000000E+000
 -0.300000E+001  0.188496E+002  0.000000E+000  0.364843E+001  0.483573E+000  0.000000E+000
 -0.290000E+001  0.188496E+002  0.000000E+000  0.368769E+001  0.483144E+000  0.000000E+000
 -0.280000E+001  0.188496E+002  0.000000E+000  0.372488E+001  0.480138E+000  0.000000E+000
 -0.270000E+001  0.188496E+002  0.000000E+000  0.376014E+001  0.474918E+000  0.000000E+000
 -0.260000E+001  0.188496E+002  0.000000E+000  0.379354E+001  0.467778E+000  0.000000E+000
 -0.250000E+001  0.188496E+002  0.000000E+000  0.382519E+001  0.458956E+000  0.000000E+000
 -0.240000E+001  0.188496E+002  0.000000E+000  0.385516E+001  0.448655E+000  0.000000E+000
 -0.230000E+001  0.188496E+002  0.000000E+000  0.388351E+001  0.437042E+000  0.000000E+000
 -0.220000E+001  0.188496E+002  0.000000E+000  0.391032E+001  0.424262E+000  0.000000E+000
 -0.210000E+001  0.188496E+002  0.000000E+000  0.393564E+001  0.410439E+000  0.000000E+000
 -0.200000E+001  0.188496E+002  0.000000E+000  0.395952E+001  0.395681E+000  0.000000E+000
 -0.190000E+001  0.188496E+002  0.000000E+000  0.398200E+001  0.380083E+000  0.000000E+000
 -0.180000E+001  0.188496E+002  0.000000E+000  0.400313E+001  0.363728E+000  0.000000E+000
 -0.170000E+001  0.188496E+002  0.000000E+000  0.402293E+001  0.346691E+000  0.000000E+000
 -0.160000E+001  0.188496E+002  0.000000E+000  0.404146E+001  0.329039E+000  0.000000E+000
 -0.150000E+001  0.188496E+002  0.000000E+000  0.405872E+001  0.310831E+000  0.000000E+000
 -0.140000E+001  0.188496E+002  0.000000E+000  0.407477E+001  0.292122E+000  0.000000E+000
 -0.130000E+001  0.188496E+002  0.000000E+000  0.408960E+001  0.272962E+000  0.000000E+000
 -0.120000E+001  0.188496E+002  0.000000E+000  0.410326E+001  0.253396E+000  0.000000E+000
 -0.110000E+001  0.188496E+002  0.000000E+000  0.411576E+001  0.233466E+000  0.000000E+000
 -0.100000E+001  0.188496E+002  0.000000E+000  0.412712E+001  0.213212E+000  0.000000E+000
 -0.900000E+000  0.188496E+002  0.000000E+000  0.413735E+001  0.192670E+000  0.000000E+000
 -0.800000E+000  0.188496E+002  0.000000E+000  0.414646E+001  0.171875E+000  0.000000E+000
 -0.700000E+000  0.188496E+002  0.000000E+000  0.415448E+001  0.150858E+000  0.000000E+000
 -0.600000E+000  0.188496E+002  0.000000E+000  0.416140E+001  0.129651E+000  0.000000E+000
 -0.500000E+000  0.188496E+002  0.000000E+000  0.416725E+001  0.108283E+000  0.000000E+000
 -0.400000E+000  0.188496E+002  0.000000E+000  0.417202E+001  0.867832E-001  0.000000E+000
 -0.300000E+000  0.188496E+002  0.000000E+000  0.417573E+001  0.651782E-001  0.000000E+000
 -0.200000E+000  0.188496E+002  0.000000E+000  0.417837E+001  0.434953E-001  0.000000E+000
 -0.100000E+000  0.188496E+002  0.000000E+000  0.417995E+001  0.217605E-001  0.000000E+000
 -0.365541E-013  0.188496E+002  0.000000E+000  0.418048E+001  0.000000E+000  0.000000E+000
  0.100000E+000  0.188496E+002  0.000000E+000  0.417995E+001  0.217605E-001  0.000000E+000
  0.200000E+000  0.188496E+002  0.000000E+000  0.417837E+001  0.434953E-001  0.000000E+000
  0.300000E+000  0.188496E+002  0.000000E+000  0.417573E+001  0.651782E-001  0.000000E+000
  0.400000E+000  0.188496E+002  0.000000E+000  0.417202E+001  0.867832E-001  0.000000E+000
  0.500000E+000  0.188496E+002  0.000000E+000  0.416725E+001  0.108283E+000  0.000000E+000
  0.600000E+000  0.188496E+002  0.000000E+000  0.416140E+001  0.129651E+000  0.000000E+000
  0.700000E+000  0.188496E+002  0.000000E+000  0.415448E+001  0.150858E+000  0.000000E+000
  0.800000E+000  0.188496E+002  0.000000E+000  0.414646E+001  0.171875E+000  0.000000E+000
  0.900000E+000  0.188496E+002  0.000000E+000  0.413735E+001  0.192670E+000  0.000000E+000
  0.100000E+001  0.188496E+002  0.000000E+000  0.412712E+001  0.213212E+000  0.000000E+000
  0.110000E+001  0.188496E+002  0.000000E+000  0.411576E+001  0.233466E+000  0.000000E+000
  0.120000E+001  0.188496E+002  0.000000E+000  0.410326E+001  0.253396E+000  0.000000E+000
  0.130000E+001  0.188496E+002  0.000000E+000  0.408960E+001  0.272962E+000  0.000000E+000
  0.140000E+001  0.188496E+002  0.000000E+000  0.407477E+001  0.292122E+000  0.000000E+000
  0.150000E+001  0.188496E+002  0.000000E+000  0.405872E+001  0.310831E+000  0.000000E+000
  0.160000E+001  0.188496E+002  0.000000E+000  0.404146E+001  0.329039E+000  0.000000E+000
  0.170000E+001  0.188496E+002  0.000000E+000  0.402293E+001  0.346691E+000  0.000000E+000
  0.180000E+001  0.188496E+002  0.000000E+000  0.400313E+001  0.363728E+000  0.000000E+000
  0.190000E+001  0.188496E+002  0.000000E+000  0.398200E+001  0.380083E+000  0.000000E+000
  0.200000E+001  0.188496E+002  0.000000E+000  0.395952E+001  0.395681E+000  0.000000E+000
  0.210000E+001  0.188496E+002  0.000000E+000  0.393564E+001  0.410439E+000  0.000000E+000
  0.220000E+001  0.188496E+002  0.000000E+000  0.391032E+001  0.424262E+000  0.000000E+000
  0.230000E+001  0.188496E+002  0.000000E+000  0.388351E+001  0.437042E+000  0.000000E+000
  0.240000E+001  0.188496E+002  0.000000E+000  0.385516E+001  0.448655E+000  0.000000E+000
  0.250000E+001  0.188496E+002  0.000000E+000  0.382519E+001  0.458956E+000  0.000000E+000
  0.260000E+001  0.188496E+002  0.000000E+000  0.379354E+001  0.467778E+000  0.000000E+000
  0.270000E+001  0.188496E+002  0.000000E+000  0.376014E+001  0.474918E+000  0.000000E+000
  0.280000E+001  0.188496E+002  0.000000E+000  0.372488E+001  0.480138E+000  0.000000E+000
  0.290000E+001  0.188496E+002  0.000000E+000  0.368769E+001  0.483144E+000  0.000000E+000
  0.300000E+001  0.188496E+002  0.000000E+000  0.364843E+001  0.483573E+000  0.000000E+000
  0.310000E+001  0.188496E+002  0.000000E+000  0.360699E+001  0.480970E+000  0.000000E+000
  0.320000E+001  0.188496E+002  0.000000E+000  0.356321E+001  0.474740E+000  0.000000E+000
  0.330000E+001  0.188496E+002  0.000000E+000  0.351693E+001  0.464096E+000  0.000000E+000
  0.340000E+001  0.188496E+002  0.000000E+000  0.346793E+001  0.447941E+000  0.000000E+000
  0.350000E+001  0.188496E+002  0.000000E+000  0.341599E+001  0.424675E+000  0.000000E+000
  0.360000E+001  0.188496E+002  0.000000E+000  0.336081E+001  0.391774E+000  0.000000E+000
  0.370000E+001  0.188496E+002  0.000000E+000  0.330206E+001  0.344768E+000  0.000000E+000
  0.380000E+001  0.188496E+002  0.000000E+000  0.323931E+001  0.273871E+000  0.000000E+000
  0.390000E+001  0.188496E+002  0.000000E+000  0.317204E+001  0.141605E+000  0.000000E+000
  0.400000E+001  0.188496E+002  0.000000E+000  0.309955E+001  0.000000E+000  0.219937E+000
  0.410000E+001  0.188496E+002  0.000000E+000  0.302097E+001  0.000000E+000  0.365247E+000
  0.420000E+001  0.188496E+002  0.000000E+000  0.293507E+001  0.000000E+000  0.489214E+000
  0.430000E+001  0.188496E+002  0.000000E+000  0.284011E+001  0.000000E+000  0.610142E+000
  0.440000E+001  0.188496E+002  0.000000E+000  0.273344E+001  0.000000E+000  0.735892E+000
  0.450000E+001  0.188496E+002  0.000000E+000  0.261067E+001  0.000000E+000  0.873257E+000
  0.460000E+001  0.188496E+002  0.000000E+000  0.246343E+001  0.000000E+000  0.103193E+001
  0.470000E+001  0.188496E+002  0.000000E+000  0.227099E+001  0.000000E+000  0.123346E+001
  0.480000E+001  0.188496E+002  0.000000E+000  0.191144E+001  0.000000E+000  0.160026E+001
  0.490000E+001  0.188496E+002  0.472282E+000 -0.175875E+001  0.472282E+000  0.175875E+001
  0.500000E+001  0.188496E+002  0.687834E+000 -0.176105E+001  0.687834E+000  0.176105E+001
  0.510000E+001  0.188496E+002  0.852251E+000 -0.176286E+001  0.852251E+000  0.176286E+001
  0.520000E+001  0.188496E+002  0.991442E+000 -0.176425E+001  0.991442E+000  0.176425E+001
  0.530000E+001  0.188496E+002  0.111499E+001 -0.176528E+001  0.111499E+001  0.176528E+001
  0.540000E+001  0.188496E+002  0.122769E+001 -0.176599E+001  0.122769E+001  0.176599E+001
  0.550000E+001  0.188496E+002  0.133235E+001 -0.176642E+001  0.133235E+001  0.176642E+001
  0.560000E+001  0.188496E+002  0.143078E+001 -0.176662E+001  0.143078E+001  0.176662E+001
  0.570000E+001  0.188496E+002  0.152421E+001 -0.176659E+001  0.152421E+001  0.176659E+001
  0.580000E+001  0.188496E+002  0.161353E+001 -0.176636E+001  0.161353E+001  0.176636E+001
  0.590000E+001  0.188496E+002  0.169941E+001 -0.176596E+001  0.169941E+001  0.176596E+001
  0.600000E+001  0.188496E+002  0.178236E+001 -0.176539E+001  0.178236E+001  0.176539E+001
  0.610000E+001  0.188496E+002  0.186279E+001 -0.176467E+001  0.186279E+001  0.176467E+001
  0.620000E+001  0.188496E+002  0.194102E+001 -0.176380E+001  0.194102E+001  0.176380E+001
  0.630000E+001  0.188496E+002  0.201732E+001 -0.176281E+001  0.201732E+001  0.176281E+001
  0.640000E+001  0.188496E+002  0.209190E+001 -0.176170E+001  0.209190E+001  0.176170E+001
  0.650000E+001  0.188496E+002  0.216494E+001 -0.176047E+001  0.216494E+001  0.176047E+001
  0.660000E+001  0.188496E+002  0.223661E+001 -0.175914E+001  0.223661E+001  0.175914E+001
  0.670000E+001  0.188496E+002  0.230704E+001 -0.175770E+001  0.230704E+001  0.175770E+001
  0.680000E+001  0.188496E+002  0.237634E+001 -0.175616E+001  0.237634E+001  0.175616E+001
  0.690000E+001  0.188496E+002  0.244461E+001 -0.175454E+001  0.244461E+001  0.175454E+001
  0.700000E+001  0.188496E+002  0.251193E+001 -0.175282E+001  0.251193E+001  0.175282E+001
  0.710000E+001  0.188496E+002  0.257839E+001 -0.175102E+001  0.257839E+001  0.175102E+001
  0.720000E+001  0.188496E+002  0.264405E+001 -0.174914E+001  0.264405E+001  0.174914E+001
  0.730000E+001  0.188496E+002  0.270897E+001 -0.174717E+001  0.270897E+001  0.174717E+001
  0.740000E+001  0.188496E+002  0.277321E+001 -0.174514E+001  0.277321E+001  0.174514E+001
  0.750000E+001  0.188496E+002  0.283681E+001 -0.174303E+001  0.283681E+001  0.174303E+001
  0.760000E+001  0.188496E+002  0.289981E+001 -0.174084E+001  0.289981E+001  0.174084E+001
  0.770000E+001  0.188496E+002  0.296226E+001 -0.173859E+001  0.296226E+001  0.173859E+001
  0.780000E+001  0.188496E+002  0.302420E+001 -0.173627E+001  0.302420E+001  0.173627E+001
  0.790000E+001  0.188496E+002  0.308564E+001 -0.173388E+001  0.308564E+001  0.173388E+001
  0.800000E+001  0.188496E+002  0.314663E+001 -0.173142E+001  0.314663E+001  0.173142E+001
  0.810000E+001  0.188496E+002  0.320719E+001 -0.172891E+001  0.320719E+001  0.172891E+001
  0.820000E+001  0.188496E+002  0.326734E+001 -0.172632E+001  0.326734E+001  0.172632E+001
  0.830000E+001  0.188496E+002  0.332711E+001 -0.172368E+001  0.332711E+001  0.172368E+001
  0.840000E+001  0.188496E+002  0.338651E+001 -0.172098E+001  0.338651E+001  0.172098E+001
  0.850000E+001  0.188496E+002  0.344558E+001 -0.171821E+001  0.344558E+001  0.171821E+001
  0.860000E+001  0.188496E+002  0.350432E+001 -0.171539E+001  0.350432E+001  0.171539E+001
  0.870000E+001  0.188496E+002  0.356275E+001 -0.171251E+001  0.356275E+001  0.171251E+001
  0.880000E+001  0.188496E+002  0.362088E+001 -0.170956E+001  0.362088E+001  0.170956E+001
  0.890000E+001  0.188496E+002  0.367874E+001 -0.170656E+001  0.367874E+001  0.170656E+001
  0.900000E+001  0.188496E+002  0.373633E+001 -0.170351E+001  0.373633E+001  0.170351E+001
  0.910000E+001  0.188496E+002  0.379367E+001 -0.170039E+001  0.379367E+001  0.170039E+001
  0.920000E+001  0.188496E+002  0.385077E+001 -0.169723E+001  0.385077E+001  0.169723E+001
  0.930000E+001  0.188496E+002  0.390764E+001 -0.169400E+001  0.390764E+001  0.169400E+001
  0.940000E+001  0.188496E+002  0.396429E+001 -0.169072E+001  0.396429E+001  0.169072E+001
  0.950000E+001  0.188496E+002  0.402072E+001 -0.168738E+001  0.402072E+001  0.168738E+001
  0.960000E+001  0.188496E+002  0.407696E+001 -0.168399E+001  0.407696E+001  0.168399E+001
  0.970000E+001  0.188496E+002  0.413300E+001 -0.168054E+001  0.413300E+001  0.168054E+001
  0.980000E+001  0.188496E+002  0.418885E+001 -0.167703E+001  0.418885E+001  0.167703E+001
  0.990000E+001  0.188496E+002  0.424453E+001 -0.167348E+001  0.424453E+001  0.167348E+001
  0.100000E+002  0.188496E+002  0.430004E+001 -0.166986E+001  0.430004E+001  0.166986E+001
  0.101000E+002  0.188496E+002  0.435538E+001 -0.166619E+001  0.435538E+001  0.166619E+001
  0.102000E+002  0.188496E+002  0.441056E+001 -0.166247E+001  0.441056E+001  0.166247E+001
  0.103000E+002  0.188496E+002  0.446559E+001 -0.165869E+001  0.446559E+001  0.165869E+001
  0.104000E+002  0.188496E+002  0.452048E+001 -0.165486E+001  0.452048E+001  0.165486E+001
  0.105000E+002  0.188496E+002  0.457523E+001 -0.165097E+001  0.457523E+001  0.165097E+001
  0.106000E+002  0.188496E+002  0.462983E+001 -0.164703E+001  0.462983E+001  0.164703E+001
  0.107000E+002  0.188496E+002  0.468431E+001 -0.164303E+001  0.468431E+001  0.164303E+001
  0.108000E+002  0.188496E+002  0.473866E+001 -0.163897E+001  0.473866E+001  0.163897E+001
  0.109000E+002  0.188496E+002  0.479289E+001 -0.163486E+001  0.479289E+001  0.163486E+001
  0.110000E+002  0.188496E+002  0.484701E+001 -0.163069E+001  0.484701E+001  0.163069E+001
  0.111000E+002  0.188496E+002  0.490100E+001 -0.162647E+001  0.490100E+001  0.162647E+001
  0.112000E+002  0.188496E+002  0.495489E+001 -0.162219E+001  0.495489E+001  0.162219E+001
  0.113000E+002  0.188496E+002  0.500867E+001 -0.161786E+001  0.500867E+001  0.161786E+001
  0.114000E+002  0.188496E+002  0.506235E+001 -0.161347E+001  0.506235E+001  0.161347E+001
  0.115000E+002  0.188496E+002  0.511593E+001 -0.160902E+001  0.511593E+001  0.160902E+001
  0.116000E+002  0.188496E+002  0.516941E+001 -0.160451E+001  0.516941E+001  0.160451E+001
  0.117000E+002  0.188496E+002  0.522280E+001 -0.159995E+001  0.522280E+001  0.159995E+001
  0.118000E+002  0.188496E+002  0.527610E+001 -0.159532E+001  0.527610E+001  0.159532E+001
  0.119000E+002  0.188496E+002  0.532931E+001 -0.159064E+001  0.532931E+001  0.159064E+001
  0.120000E+002  0.188496E+002  0.538244E+001 -0.158591E+001  0.538244E+001  0.158591E+001
  0.121000E+002  0.188496E+002  0.543548E+001 -0.158111E+001  0.543548E+001  0.158111E+001
  0.122000E+002  0.188496E+002  0.548844E+001 -0.157625E+001  0.548844E+001  0.157625E+001
  0.123000E+002  0.188496E+002  0.554133E+001 -0.157133E+001  0.554133E+001  0.157133E+001
  0.124000E+002  0.188496E+002  0.559413E+001 -0.156636E+001  0.559413E+001  0.156636E+001
  0.125000E+002  0.188496E+002  0.564687E+001 -0.156132E+001  0.564687E+001  0.156132E+001
  0.126000E+002  0.188496E+002  0.569953E+001 -0.155622E+001  0.569953E+001  0.155622E+001
  0.127000E+002  0.188496E+002  0.575213E+001 -0.155106E+001  0.575213E+001  0.155106E+001
  0.128000E+002  0.188496E+002  0.580466E+001 -0.154583E+001  0.580466E+001  0.154583E+001
  0.129000E+002  0.188496E+002  0.585712E+001 -0.154055E+001  0.585712E+001  0.154055E+001
  0.130000E+002  0.188496E+002  0.590952E+001 -0.153520E+001  0.590952E+001  0.153520E+001
  0.131000E+002  0.188496E+002  0.596185E+001 -0.152978E+001  0.596185E+001  0.152978E+001
  0.132000E+002  0.188496E+002  0.601413E+001 -0.152431E+001  0.601413E+001  0.152431E+001
  0.133000E+002  0.188496E+002  0.606634E+001 -0.151876E+001  0.606634E+001  0.151876E+001
  0.134000E+002  0.188496E+002  0.611850E+001 -0.151315E+001  0.611850E+001  0.151315E+001
  0.135000E+002  0.188496E+002  0.617060E+001 -0.150748E+001  0.617060E+001  0.150748E+001
  0.136000E+002  0.188496E+002  0.622265E+001 -0.150174E+001  0.622265E+001  0.150174E+001
  0.137000E+002  0.188496E+002  0.627465E+001 -0.149593E+001  0.627465E+001  0.149593E+001
  0.138000E+002  0.188496E+002  0.632659E+001 -0.149005E+001  0.632659E+001  0.149005E+001
  0.139000E+002  0.188496E+002  0.637848E+001 -0.148410E+001  0.637848E+001  0.148410E+001
  0.140000E+002  0.188496E+002  0.643033E+001 -0.147808E+001  0.643033E+001  0.147808E+001
  0.141000E+002  0.188496E+002  0.648212E+001 -0.147199E+001  0.648212E+001  0.147199E+001
  0.142000E+002  0.188496E+002  0.653387E+001 -0.146583E+001  0.653387E+001  0.146583E+001
  0.143000E+002  0.188496E+002  0.658557E+001 -0.145960E+001  0.658557E+001  0.145960E+001
  0.144000E+002  0.188496E+002  0.663723E+001 -0.145329E+001  0.663723E+001  0.145329E+001
  0.145000E+002  0.188496E+002  0.668884E+001 -0.144691E+001  0.668884E+001  0.144691E+001
  0.146000E+002  0.188496E+002  0.674042E+001 -0.144046E+001  0.674042E+001  0.144046E+001
  0.147000E+002  0.188496E+002  0.679195E+001 -0.143393E+001  0.679195E+001  0.143393E+001
  0.148000E+002  0.188496E+002  0.684344E+001 -0.142732E+001  0.684344E+001  0.142732E+001
  0.149000E+002  0.188496E+002  0.689488E+001 -0.142063E+001  0.689488E+001  0.142063E+001
  0.150000E+002  0.188496E+002  0.694629E+001 -0.141387E+001  0.694629E+001  0.141387E+001
