 -0.495000E+001  0.000000E+000 -0.161419E-002  0.213763E-002  0.267864E-002
 -0.490000E+001  0.000000E+000 -0.161912E-002  0.251193E-002  0.298854E-002
 -0.485000E+001  0.000000E+000 -0.149154E-002  0.288022E-002  0.324351E-002
 -0.480000E+001  0.000000E+000 -0.125141E-002  0.319772E-002  0.343386E-002
 -0.475000E+001  0.000000E+000 -0.934140E-003  0.343390E-002  0.355869E-002
 -0.470000E+001  0.000000E+000 -0.582908E-003  0.357632E-002  0.362352E-002
 -0.465000E+001  0.000000E+000 -0.239858E-003  0.363110E-002  0.363901E-002
 -0.460000E+001  0.000000E+000  0.622745E-004  0.362010E-002  0.362064E-002
 -0.455000E+001  0.000000E+000  0.306386E-003  0.357545E-002  0.358856E-002
 -0.450000E+001  0.000000E+000  0.493883E-003  0.353226E-002  0.356662E-002
 -0.445000E+001  0.000000E+000  0.643711E-003  0.352092E-002  0.357928E-002
 -0.440000E+001  0.000000E+000  0.787815E-003  0.356036E-002  0.364648E-002
 -0.435000E+001  0.000000E+000  0.964039E-003  0.365337E-002  0.377842E-002
 -0.430000E+001  0.000000E+000  0.120794E-002  0.378485E-002  0.397293E-002
 -0.425000E+001  0.000000E+000  0.154505E-002  0.392346E-002  0.421672E-002
 -0.420000E+001  0.000000E+000  0.198507E-002  0.402630E-002  0.448905E-002
 -0.415000E+001  0.000000E+000  0.251865E-002  0.404596E-002  0.476586E-002
 -0.410000E+001  0.000000E+000  0.311749E-002  0.393884E-002  0.502327E-002
 -0.405000E+001  0.000000E+000  0.373730E-002  0.367328E-002  0.524027E-002
 -0.400000E+001  0.000000E+000  0.432330E-002  0.323621E-002  0.540037E-002
 -0.395000E+001  0.000000E+000  0.481744E-002  0.263705E-002  0.549197E-002
 -0.390000E+001  0.000000E+000  0.516643E-002  0.190824E-002  0.550758E-002
 -0.385000E+001  0.000000E+000  0.532966E-002  0.110204E-002  0.544240E-002
 -0.380000E+001  0.000000E+000  0.528581E-002  0.284131E-003  0.529344E-002
 -0.375000E+001  0.000000E+000  0.503736E-002 -0.475215E-003  0.505973E-002
 -0.370000E+001  0.000000E+000  0.461191E-002 -0.111096E-002  0.474383E-002
 -0.365000E+001  0.000000E+000  0.405986E-002 -0.157268E-002  0.435382E-002
 -0.360000E+001  0.000000E+000  0.344839E-002 -0.183202E-002  0.390482E-002
 -0.355000E+001  0.000000E+000  0.285231E-002 -0.188698E-002  0.342000E-002
 -0.350000E+001  0.000000E+000  0.234318E-002 -0.176241E-002  0.293199E-002
 -0.345000E+001  0.000000E+000  0.197836E-002 -0.150642E-002  0.248661E-002
 -0.340000E+001  0.000000E+000  0.179213E-002 -0.118332E-002  0.214755E-002
 -0.335000E+001  0.000000E+000  0.179044E-002 -0.864136E-003  0.198806E-002
 -0.330000E+001  0.000000E+000  0.195050E-002 -0.616074E-003  0.204548E-002
 -0.325000E+001  0.000000E+000  0.222518E-002 -0.492569E-003  0.227904E-002
 -0.320000E+001  0.000000E+000  0.255146E-002 -0.525527E-003  0.260502E-002
 -0.315000E+001  0.000000E+000  0.286121E-002 -0.720919E-003  0.295064E-002
 -0.310000E+001  0.000000E+000  0.309241E-002 -0.105846E-002  0.326854E-002
 -0.305000E+001  0.000000E+000  0.319871E-002 -0.149542E-002  0.353100E-002
 -0.300000E+001  0.000000E+000  0.315595E-002 -0.197399E-002  0.372245E-002
 -0.295000E+001  0.000000E+000  0.296490E-002 -0.243105E-002  0.383414E-002
 -0.290000E+001  0.000000E+000  0.264993E-002 -0.280876E-002  0.386151E-002
 -0.285000E+001  0.000000E+000  0.225433E-002 -0.306427E-002  0.380418E-002
 -0.280000E+001  0.000000E+000  0.183301E-002 -0.317698E-002  0.366785E-002
 -0.275000E+001  0.000000E+000  0.144367E-002 -0.315210E-002  0.346697E-002
 -0.270000E+001  0.000000E+000  0.113757E-002 -0.301998E-002  0.322713E-002
 -0.265000E+001  0.000000E+000  0.950991E-003 -0.283105E-002  0.298651E-002
 -0.260000E+001  0.000000E+000  0.898460E-003 -0.264737E-002  0.279567E-002
 -0.255000E+001  0.000000E+000  0.968940E-003 -0.253186E-002  0.271093E-002
 -0.250000E+001  0.000000E+000  0.112577E-002 -0.253715E-002  0.277569E-002
 -0.245000E+001  0.000000E+000  0.131089E-002 -0.269572E-002  0.299755E-002
 -0.240000E+001  0.000000E+000  0.145332E-002 -0.301303E-002  0.334522E-002
 -0.235000E+001  0.000000E+000  0.148068E-002 -0.346495E-002  0.376807E-002
 -0.230000E+001  0.000000E+000  0.133226E-002 -0.399987E-002  0.421591E-002
 -0.225000E+001  0.000000E+000  0.971057E-003 -0.454551E-002  0.464808E-002
 -0.220000E+001  0.000000E+000  0.392464E-003 -0.501936E-002  0.503468E-002
 -0.215000E+001  0.000000E+000 -0.372442E-003 -0.534130E-002  0.535427E-002
 -0.210000E+001  0.000000E+000 -0.125993E-002 -0.544638E-002  0.559022E-002
 -0.205000E+001  0.000000E+000 -0.218266E-002 -0.529581E-002  0.572797E-002
 -0.200000E+001  0.000000E+000 -0.304315E-002 -0.488433E-002  0.575477E-002
 -0.195000E+001  0.000000E+000 -0.374916E-002 -0.424261E-002  0.566180E-002
 -0.190000E+001  0.000000E+000 -0.422821E-002 -0.343430E-002  0.544722E-002
 -0.185000E+001  0.000000E+000 -0.443864E-002 -0.254771E-002  0.511785E-002
 -0.180000E+001  0.000000E+000 -0.437568E-002 -0.168357E-002  0.468838E-002
 -0.175000E+001  0.000000E+000 -0.407180E-002 -0.940295E-003  0.417896E-002
 -0.170000E+001  0.000000E+000 -0.359177E-002 -0.399267E-003  0.361389E-002
 -0.165000E+001  0.000000E+000 -0.302345E-002 -0.112122E-003  0.302553E-002
 -0.160000E+001  0.000000E+000 -0.246584E-002 -0.922507E-004  0.246756E-002
 -0.155000E+001  0.000000E+000 -0.201578E-002 -0.311865E-003  0.203976E-002
 -0.150000E+001  0.000000E+000 -0.175477E-002 -0.705276E-003  0.189120E-002
 -0.145000E+001  0.000000E+000 -0.173715E-002 -0.117806E-002  0.209893E-002
 -0.140000E+001  0.000000E+000 -0.198102E-002 -0.162093E-002  0.255966E-002
 -0.135000E+001  0.000000E+000 -0.246336E-002 -0.192625E-002  0.312708E-002
 -0.130000E+001  0.000000E+000 -0.312048E-002 -0.200488E-002  0.370903E-002
 -0.125000E+001  0.000000E+000 -0.385466E-002 -0.180067E-002  0.425451E-002
 -0.120000E+001  0.000000E+000 -0.454711E-002 -0.130043E-002  0.472941E-002
 -0.115000E+001  0.000000E+000 -0.507573E-002 -0.537663E-003  0.510413E-002
 -0.110000E+001  0.000000E+000 -0.533546E-002  0.410735E-003  0.535125E-002
 -0.105000E+001  0.000000E+000 -0.525742E-002  0.143442E-002  0.544959E-002
 -0.100000E+001  0.000000E+000 -0.482322E-002  0.240502E-002  0.538958E-002
 -0.950000E+000  0.000000E+000 -0.407107E-002  0.319485E-002  0.517500E-002
 -0.900000E+000  0.000000E+000 -0.309201E-002  0.369622E-002  0.481898E-002
 -0.850000E+000  0.000000E+000 -0.201660E-002  0.383851E-002  0.433599E-002
 -0.800000E+000  0.000000E+000 -0.994272E-003  0.360037E-002  0.373514E-002
 -0.750000E+000  0.000000E+000 -0.169446E-003  0.301516E-002  0.301992E-002
 -0.700000E+000  0.000000E+000  0.341215E-003  0.216853E-002  0.219522E-002
 -0.650000E+000  0.000000E+000  0.466335E-003  0.118832E-002  0.127654E-002
 -0.600000E+000  0.000000E+000  0.189552E-003  0.227954E-003  0.296468E-003
 -0.550000E+000  0.000000E+000 -0.449315E-003 -0.554319E-003  0.713550E-003
 -0.500000E+000  0.000000E+000 -0.136069E-002 -0.101771E-002  0.169918E-002
 -0.450000E+000  0.000000E+000 -0.241710E-002 -0.105929E-002  0.263903E-002
 -0.400000E+000  0.000000E+000 -0.346783E-002 -0.629804E-003  0.352455E-002
 -0.350000E+000  0.000000E+000 -0.435419E-002  0.257697E-003  0.436181E-002
 -0.300000E+000  0.000000E+000 -0.492347E-002  0.152753E-002  0.515499E-002
 -0.250000E+000  0.000000E+000 -0.503986E-002  0.304976E-002  0.589078E-002
 -0.200000E+000  0.000000E+000 -0.458923E-002  0.465614E-002  0.653764E-002
 -0.150000E+000  0.000000E+000 -0.346878E-002  0.616161E-002  0.707092E-002
 -0.100000E+000  0.000000E+000 -0.152730E-002  0.738838E-002  0.754459E-002
 -0.500000E-001  0.000000E+000  0.174448E-002  0.818935E-002  0.837309E-002
  0.000000E+000  0.000000E+000  0.122242E-001  0.846761E-002  0.148705E-001
  0.500000E-001  0.000000E+000  0.174448E-002  0.818935E-002  0.837309E-002
  0.100000E+000  0.000000E+000 -0.152730E-002  0.738838E-002  0.754459E-002
  0.150000E+000  0.000000E+000 -0.346878E-002  0.616161E-002  0.707092E-002
  0.200000E+000  0.000000E+000 -0.458923E-002  0.465614E-002  0.653764E-002
  0.250000E+000  0.000000E+000 -0.503986E-002  0.304976E-002  0.589078E-002
  0.300000E+000  0.000000E+000 -0.492347E-002  0.152753E-002  0.515499E-002
  0.350000E+000  0.000000E+000 -0.435419E-002  0.257697E-003  0.436181E-002
  0.400000E+000  0.000000E+000 -0.346783E-002 -0.629804E-003  0.352455E-002
  0.450000E+000  0.000000E+000 -0.241710E-002 -0.105929E-002  0.263903E-002
  0.500000E+000  0.000000E+000 -0.136069E-002 -0.101771E-002  0.169918E-002
  0.550000E+000  0.000000E+000 -0.449315E-003 -0.554319E-003  0.713550E-003
  0.600000E+000  0.000000E+000  0.189552E-003  0.227954E-003  0.296468E-003
  0.650000E+000  0.000000E+000  0.466335E-003  0.118832E-002  0.127654E-002
  0.700000E+000  0.000000E+000  0.341215E-003  0.216853E-002  0.219522E-002
  0.750000E+000  0.000000E+000 -0.169446E-003  0.301516E-002  0.301992E-002
  0.800000E+000  0.000000E+000 -0.994272E-003  0.360037E-002  0.373514E-002
  0.850000E+000  0.000000E+000 -0.201660E-002  0.383851E-002  0.433599E-002
  0.900000E+000  0.000000E+000 -0.309201E-002  0.369622E-002  0.481898E-002
  0.950000E+000  0.000000E+000 -0.407107E-002  0.319485E-002  0.517500E-002
  0.100000E+001  0.000000E+000 -0.482322E-002  0.240502E-002  0.538958E-002
  0.105000E+001  0.000000E+000 -0.525742E-002  0.143442E-002  0.544959E-002
  0.110000E+001  0.000000E+000 -0.533546E-002  0.410735E-003  0.535125E-002
  0.115000E+001  0.000000E+000 -0.507573E-002 -0.537663E-003  0.510413E-002
  0.120000E+001  0.000000E+000 -0.454711E-002 -0.130043E-002  0.472941E-002
  0.125000E+001  0.000000E+000 -0.385466E-002 -0.180067E-002  0.425451E-002
  0.130000E+001  0.000000E+000 -0.312048E-002 -0.200488E-002  0.370903E-002
  0.135000E+001  0.000000E+000 -0.246336E-002 -0.192625E-002  0.312708E-002
  0.140000E+001  0.000000E+000 -0.198102E-002 -0.162093E-002  0.255966E-002
  0.145000E+001  0.000000E+000 -0.173715E-002 -0.117806E-002  0.209893E-002
  0.150000E+001  0.000000E+000 -0.175477E-002 -0.705276E-003  0.189120E-002
  0.155000E+001  0.000000E+000 -0.201578E-002 -0.311865E-003  0.203976E-002
  0.160000E+001  0.000000E+000 -0.246584E-002 -0.922507E-004  0.246756E-002
  0.165000E+001  0.000000E+000 -0.302345E-002 -0.112122E-003  0.302553E-002
  0.170000E+001  0.000000E+000 -0.359177E-002 -0.399267E-003  0.361389E-002
  0.175000E+001  0.000000E+000 -0.407180E-002 -0.940295E-003  0.417896E-002
  0.180000E+001  0.000000E+000 -0.437568E-002 -0.168357E-002  0.468838E-002
  0.185000E+001  0.000000E+000 -0.443864E-002 -0.254771E-002  0.511785E-002
  0.190000E+001  0.000000E+000 -0.422821E-002 -0.343430E-002  0.544722E-002
  0.195000E+001  0.000000E+000 -0.374916E-002 -0.424261E-002  0.566180E-002
  0.200000E+001  0.000000E+000 -0.304315E-002 -0.488433E-002  0.575477E-002
  0.205000E+001  0.000000E+000 -0.218266E-002 -0.529581E-002  0.572797E-002
  0.210000E+001  0.000000E+000 -0.125993E-002 -0.544638E-002  0.559022E-002
  0.215000E+001  0.000000E+000 -0.372442E-003 -0.534130E-002  0.535427E-002
  0.220000E+001  0.000000E+000  0.392464E-003 -0.501936E-002  0.503468E-002
  0.225000E+001  0.000000E+000  0.971057E-003 -0.454551E-002  0.464808E-002
  0.230000E+001  0.000000E+000  0.133226E-002 -0.399987E-002  0.421591E-002
  0.235000E+001  0.000000E+000  0.148068E-002 -0.346495E-002  0.376807E-002
  0.240000E+001  0.000000E+000  0.145332E-002 -0.301303E-002  0.334522E-002
  0.245000E+001  0.000000E+000  0.131089E-002 -0.269572E-002  0.299755E-002
  0.250000E+001  0.000000E+000  0.112577E-002 -0.253715E-002  0.277569E-002
  0.255000E+001  0.000000E+000  0.968940E-003 -0.253186E-002  0.271093E-002
  0.260000E+001  0.000000E+000  0.898460E-003 -0.264737E-002  0.279567E-002
  0.265000E+001  0.000000E+000  0.950991E-003 -0.283105E-002  0.298651E-002
  0.270000E+001  0.000000E+000  0.113757E-002 -0.301998E-002  0.322713E-002
  0.275000E+001  0.000000E+000  0.144367E-002 -0.315210E-002  0.346697E-002
  0.280000E+001  0.000000E+000  0.183301E-002 -0.317698E-002  0.366785E-002
  0.285000E+001  0.000000E+000  0.225433E-002 -0.306427E-002  0.380418E-002
  0.290000E+001  0.000000E+000  0.264993E-002 -0.280876E-002  0.386151E-002
  0.295000E+001  0.000000E+000  0.296490E-002 -0.243105E-002  0.383414E-002
  0.300000E+001  0.000000E+000  0.315595E-002 -0.197399E-002  0.372245E-002
  0.305000E+001  0.000000E+000  0.319871E-002 -0.149542E-002  0.353100E-002
  0.310000E+001  0.000000E+000  0.309241E-002 -0.105846E-002  0.326854E-002
  0.315000E+001  0.000000E+000  0.286121E-002 -0.720919E-003  0.295064E-002
  0.320000E+001  0.000000E+000  0.255146E-002 -0.525527E-003  0.260502E-002
  0.325000E+001  0.000000E+000  0.222518E-002 -0.492569E-003  0.227904E-002
  0.330000E+001  0.000000E+000  0.195050E-002 -0.616074E-003  0.204548E-002
  0.335000E+001  0.000000E+000  0.179044E-002 -0.864136E-003  0.198806E-002
  0.340000E+001  0.000000E+000  0.179213E-002 -0.118332E-002  0.214755E-002
  0.345000E+001  0.000000E+000  0.197836E-002 -0.150642E-002  0.248661E-002
  0.350000E+001  0.000000E+000  0.234318E-002 -0.176241E-002  0.293199E-002
  0.355000E+001  0.000000E+000  0.285231E-002 -0.188698E-002  0.342000E-002
  0.360000E+001  0.000000E+000  0.344839E-002 -0.183202E-002  0.390482E-002
  0.365000E+001  0.000000E+000  0.405986E-002 -0.157268E-002  0.435382E-002
  0.370000E+001  0.000000E+000  0.461191E-002 -0.111096E-002  0.474383E-002
  0.375000E+001  0.000000E+000  0.503736E-002 -0.475215E-003  0.505973E-002
  0.380000E+001  0.000000E+000  0.528581E-002  0.284131E-003  0.529344E-002
  0.385000E+001  0.000000E+000  0.532966E-002  0.110204E-002  0.544240E-002
  0.390000E+001  0.000000E+000  0.516643E-002  0.190824E-002  0.550758E-002
  0.395000E+001  0.000000E+000  0.481744E-002  0.263705E-002  0.549197E-002
  0.400000E+001  0.000000E+000  0.432330E-002  0.323621E-002  0.540037E-002
  0.405000E+001  0.000000E+000  0.373730E-002  0.367328E-002  0.524027E-002
  0.410000E+001  0.000000E+000  0.311749E-002  0.393884E-002  0.502327E-002
  0.415000E+001  0.000000E+000  0.251865E-002  0.404596E-002  0.476586E-002
  0.420000E+001  0.000000E+000  0.198507E-002  0.402630E-002  0.448905E-002
  0.425000E+001  0.000000E+000  0.154505E-002  0.392346E-002  0.421672E-002
  0.430000E+001  0.000000E+000  0.120794E-002  0.378485E-002  0.397293E-002
  0.435000E+001  0.000000E+000  0.964039E-003  0.365337E-002  0.377842E-002
  0.440000E+001  0.000000E+000  0.787815E-003  0.356036E-002  0.364648E-002
  0.445000E+001  0.000000E+000  0.643711E-003  0.352092E-002  0.357928E-002
  0.450000E+001  0.000000E+000  0.493883E-003  0.353226E-002  0.356662E-002
  0.455000E+001  0.000000E+000  0.306386E-003  0.357545E-002  0.358856E-002
  0.460000E+001  0.000000E+000  0.622745E-004  0.362010E-002  0.362064E-002
  0.465000E+001  0.000000E+000 -0.239858E-003  0.363110E-002  0.363901E-002
  0.470000E+001  0.000000E+000 -0.582908E-003  0.357632E-002  0.362352E-002
  0.475000E+001  0.000000E+000 -0.934140E-003  0.343390E-002  0.355869E-002
  0.480000E+001  0.000000E+000 -0.125141E-002  0.319772E-002  0.343386E-002
  0.485000E+001  0.000000E+000 -0.149154E-002  0.288022E-002  0.324351E-002
  0.490000E+001  0.000000E+000 -0.161912E-002  0.251193E-002  0.298854E-002
  0.495000E+001  0.000000E+000 -0.161419E-002  0.213763E-002  0.267864E-002
  0.500000E+001  0.000000E+000 -0.147727E-002  0.180979E-002  0.233616E-002
