% x(i), z(i), f(m), real(u(i)), imag(u(i)), abs(u(i))
 -0.500000E+001 -0.500000E+001  0.200000E-001 -0.398284E-002  0.364995E-001  0.367162E-001
 -0.500000E+001 -0.500000E+001  0.400000E-001 -0.429186E-002  0.175621E-001  0.180789E-001
 -0.500000E+001 -0.500000E+001  0.600000E-001 -0.435053E-002  0.111833E-001  0.119997E-001
 -0.500000E+001 -0.500000E+001  0.800000E-001 -0.432463E-002  0.787349E-002  0.898300E-002
 -0.500000E+001 -0.500000E+001  0.100000E+000 -0.424985E-002  0.578614E-002  0.717918E-002
 -0.500000E+001 -0.500000E+001  0.120000E+000 -0.413922E-002  0.431438E-002  0.597888E-002
 -0.500000E+001 -0.500000E+001  0.140000E+000 -0.399929E-002  0.320088E-002  0.512249E-002
 -0.500000E+001 -0.500000E+001  0.160000E+000 -0.383427E-002  0.231836E-002  0.448067E-002
 -0.500000E+001 -0.500000E+001  0.180000E+000 -0.364742E-002  0.159703E-002  0.398173E-002
 -0.500000E+001 -0.500000E+001  0.200000E+000 -0.344160E-002  0.995599E-003  0.358271E-002
 -0.500000E+001 -0.500000E+001  0.220000E+000 -0.321952E-002  0.488216E-003  0.325633E-002
 -0.500000E+001 -0.500000E+001  0.240000E+000 -0.298383E-002  0.578989E-004  0.298439E-002
 -0.500000E+001 -0.500000E+001  0.260000E+000 -0.273716E-002 -0.306983E-003  0.275432E-002
 -0.500000E+001 -0.500000E+001  0.280000E+000 -0.248215E-002 -0.614721E-003  0.255714E-002
 -0.500000E+001 -0.500000E+001  0.300000E+000 -0.222143E-002 -0.871474E-003  0.238626E-002
 -0.500000E+001 -0.500000E+001  0.320000E+000 -0.195761E-002 -0.108202E-002  0.223674E-002
 -0.500000E+001 -0.500000E+001  0.340000E+000 -0.169327E-002 -0.125024E-002  0.210482E-002
 -0.500000E+001 -0.500000E+001  0.360000E+000 -0.143092E-002 -0.137943E-002  0.198755E-002
 -0.500000E+001 -0.500000E+001  0.380000E+000 -0.117298E-002 -0.147254E-002  0.188262E-002
 -0.500000E+001 -0.500000E+001  0.400000E+000 -0.921780E-003 -0.153229E-002  0.178818E-002
 -0.500000E+001 -0.500000E+001  0.420000E+000 -0.679510E-003 -0.156126E-002  0.170273E-002
 -0.500000E+001 -0.500000E+001  0.440000E+000 -0.448208E-003 -0.156199E-002  0.162502E-002
 -0.500000E+001 -0.500000E+001  0.460000E+000  0.200663E-001 -0.160337E-001  0.256853E-001
 -0.500000E+001 -0.500000E+001  0.480000E+000  0.133579E-001  0.337288E-003  0.133622E-001
 -0.500000E+001 -0.500000E+001  0.500000E+000  0.816648E-002  0.471114E-002  0.942795E-002
 -0.500000E+001 -0.500000E+001  0.520000E+000  0.424232E-002  0.593257E-002  0.729334E-002
 -0.500000E+001 -0.500000E+001  0.540000E+000  0.136366E-002  0.577608E-002  0.593487E-002
 -0.500000E+001 -0.500000E+001  0.560000E+000 -0.661287E-003  0.496014E-002  0.500403E-002
 -0.500000E+001 -0.500000E+001  0.580000E+000 -0.199731E-002  0.385265E-002  0.433960E-002
 -0.500000E+001 -0.500000E+001  0.600000E+000 -0.278476E-002  0.266148E-002  0.385206E-002
 -0.500000E+001 -0.500000E+001  0.620000E+000 -0.314582E-002  0.151151E-002  0.349011E-002
 -0.500000E+001 -0.500000E+001  0.640000E+000 -0.318001E-002  0.472020E-003  0.321485E-002
 -0.500000E+001 -0.500000E+001  0.660000E+000 -0.297359E-002 -0.417111E-003  0.300270E-002
 -0.500000E+001 -0.500000E+001  0.680000E+000 -0.259803E-002 -0.113798E-002  0.283633E-002
 -0.500000E+001 -0.500000E+001  0.700000E+000 -0.211244E-002 -0.168687E-002  0.270332E-002
 -0.500000E+001 -0.500000E+001  0.720000E+000 -0.156515E-002 -0.206953E-002  0.259473E-002
 -0.500000E+001 -0.500000E+001  0.740000E+000 -0.995104E-003 -0.229792E-002  0.250413E-002
 -0.500000E+001 -0.500000E+001  0.760000E+000 -0.433110E-003 -0.238788E-002  0.242684E-002
 -0.500000E+001 -0.500000E+001  0.780000E+000  0.970873E-004 -0.235749E-002  0.235949E-002
 -0.500000E+001 -0.500000E+001  0.800000E+000  0.577817E-003 -0.222585E-002  0.229962E-002
 -0.500000E+001 -0.500000E+001  0.820000E+000  0.996613E-003 -0.201218E-002  0.224547E-002
 -0.500000E+001 -0.500000E+001  0.840000E+000  0.134543E-002 -0.173521E-002  0.219571E-002
 -0.500000E+001 -0.500000E+001  0.860000E+000  0.161997E-002 -0.141267E-002  0.214941E-002
 -0.500000E+001 -0.500000E+001  0.880000E+000  0.181903E-002 -0.106102E-002  0.210585E-002
 -0.500000E+001 -0.500000E+001  0.900000E+000  0.194411E-002 -0.697754E-003  0.206553E-002
 -0.500000E+001 -0.500000E+001  0.920000E+000 -0.980055E-002 -0.439060E-002  0.107391E-001
 -0.500000E+001 -0.500000E+001  0.940000E+000 -0.116172E-002 -0.784404E-002  0.792960E-002
 -0.500000E+001 -0.500000E+001  0.960000E+000  0.373709E-002 -0.614920E-002  0.719573E-002
 -0.500000E+001 -0.500000E+001  0.980000E+000  0.600617E-002 -0.323629E-002  0.682258E-002
 -0.500000E+001 -0.500000E+001  0.100000E+001  0.650543E-002 -0.364486E-003  0.651564E-002
 -0.500000E+001 -0.500000E+001  0.102000E+001  0.589060E-002  0.198378E-002  0.621567E-002
 -0.500000E+001 -0.500000E+001  0.104000E+001  0.464337E-002  0.365403E-002  0.590871E-002
 -0.500000E+001 -0.500000E+001  0.106000E+001  0.311544E-002  0.465087E-002  0.559790E-002
 -0.500000E+001 -0.500000E+001  0.108000E+001  0.155012E-002  0.505495E-002  0.528729E-002
 -0.500000E+001 -0.500000E+001  0.110000E+001  0.107279E-003  0.497946E-002  0.498061E-002
 -0.500000E+001 -0.500000E+001  0.112000E+001 -0.111718E-002  0.454552E-002  0.468080E-002
 -0.500000E+001 -0.500000E+001  0.114000E+001 -0.207566E-002  0.386704E-002  0.438889E-002
 -0.500000E+001 -0.500000E+001  0.116000E+001 -0.275387E-002  0.304942E-002  0.410886E-002
 -0.500000E+001 -0.500000E+001  0.118000E+001 -0.316382E-002  0.217571E-002  0.383972E-002
 -0.500000E+001 -0.500000E+001  0.120000E+001 -0.333223E-002  0.131372E-002  0.358184E-002
 -0.500000E+001 -0.500000E+001  0.122000E+001 -0.329660E-002  0.514076E-003  0.333644E-002
 -0.500000E+001 -0.500000E+001  0.124000E+001 -0.309677E-002 -0.188205E-003  0.310248E-002
 -0.500000E+001 -0.500000E+001  0.126000E+001 -0.277481E-002 -0.771772E-003  0.288014E-002
 -0.500000E+001 -0.500000E+001  0.128000E+001 -0.237054E-002 -0.122673E-002  0.266914E-002
 -0.500000E+001 -0.500000E+001  0.130000E+001 -0.192006E-002 -0.155243E-002  0.246914E-002
 -0.500000E+001 -0.500000E+001  0.132000E+001 -0.145465E-002 -0.175532E-002  0.227973E-002
 -0.500000E+001 -0.500000E+001  0.134000E+001 -0.100021E-002 -0.184706E-002  0.210048E-002
 -0.500000E+001 -0.500000E+001  0.136000E+001  0.155925E-001 -0.339840E-002  0.159585E-001
 -0.500000E+001 -0.500000E+001  0.138000E+001  0.215620E-002  0.621500E-002  0.657840E-002
 -0.500000E+001 -0.500000E+001  0.140000E+001 -0.350983E-002  0.347261E-002  0.493740E-002
 -0.500000E+001 -0.500000E+001  0.142000E+001 -0.467893E-002 -0.293176E-003  0.468811E-002
 -0.500000E+001 -0.500000E+001  0.144000E+001 -0.355523E-002 -0.300546E-002  0.465537E-002
 -0.500000E+001 -0.500000E+001  0.146000E+001 -0.155217E-002 -0.430680E-002  0.457797E-002
 -0.500000E+001 -0.500000E+001  0.148000E+001  0.484878E-003 -0.439770E-002  0.442435E-002
 -0.500000E+001 -0.500000E+001  0.150000E+001  0.210662E-002 -0.364649E-002  0.421126E-002
 -0.500000E+001 -0.500000E+001  0.152000E+001  0.312948E-002 -0.242869E-002  0.396133E-002
 -0.500000E+001 -0.500000E+001  0.154000E+001  0.353844E-002 -0.106035E-002  0.369390E-002
 -0.500000E+001 -0.500000E+001  0.156000E+001  0.341647E-002  0.224211E-003  0.342382E-002
 -0.500000E+001 -0.500000E+001  0.158000E+001  0.289457E-002  0.127273E-002  0.316202E-002
 -0.500000E+001 -0.500000E+001  0.160000E+001  0.211790E-002  0.200484E-002  0.291631E-002
 -0.500000E+001 -0.500000E+001  0.162000E+001  0.122403E-002  0.239779E-002  0.269215E-002
 -0.500000E+001 -0.500000E+001  0.164000E+001  0.330242E-003  0.247144E-002  0.249340E-002
 -0.500000E+001 -0.500000E+001  0.166000E+001 -0.472658E-003  0.227306E-002  0.232168E-002
 -0.500000E+001 -0.500000E+001  0.168000E+001 -0.112192E-002  0.186649E-002  0.217772E-002
 -0.500000E+001 -0.500000E+001  0.170000E+001 -0.158143E-002  0.132152E-002  0.206091E-002
 -0.500000E+001 -0.500000E+001  0.172000E+001 -0.183839E-002  0.706592E-003  0.196950E-002
 -0.500000E+001 -0.500000E+001  0.174000E+001 -0.189905E-002  0.834339E-004  0.190089E-002
 -0.500000E+001 -0.500000E+001  0.176000E+001 -0.178409E-002 -0.496263E-003  0.185182E-002
 -0.500000E+001 -0.500000E+001  0.178000E+001 -0.152398E-002 -0.992639E-003  0.181875E-002
 -0.500000E+001 -0.500000E+001  0.180000E+001 -0.115495E-002 -0.137833E-002  0.179825E-002
 -0.500000E+001 -0.500000E+001  0.182000E+001 -0.591503E-002 -0.942748E-002  0.111295E-001
 -0.500000E+001 -0.500000E+001  0.184000E+001  0.360392E-002 -0.667592E-002  0.758657E-002
 -0.500000E+001 -0.500000E+001  0.186000E+001  0.519769E-002 -0.162024E-002  0.544437E-002
 -0.500000E+001 -0.500000E+001  0.188000E+001  0.358637E-002  0.142126E-002  0.385772E-002
 -0.500000E+001 -0.500000E+001  0.190000E+001  0.132640E-002  0.229393E-002  0.264980E-002
 -0.500000E+001 -0.500000E+001  0.192000E+001 -0.392393E-003  0.173814E-002  0.178188E-002
 -0.500000E+001 -0.500000E+001  0.194000E+001 -0.119223E-002  0.555053E-003  0.131510E-002
 -0.500000E+001 -0.500000E+001  0.196000E+001 -0.113381E-002 -0.647031E-003  0.130544E-002
 -0.500000E+001 -0.500000E+001  0.198000E+001 -0.474893E-003 -0.150087E-002  0.157421E-002
 -0.500000E+001 -0.500000E+001  0.200000E+001  0.477097E-003 -0.185007E-002  0.191060E-002
 -0.500000E+001 -0.500000E+001  0.202000E+001  0.144710E-002 -0.169339E-002  0.222748E-002
 -0.500000E+001 -0.500000E+001  0.204000E+001  0.223079E-002 -0.112715E-002  0.249937E-002
 -0.500000E+001 -0.500000E+001  0.206000E+001  0.270509E-002 -0.296077E-003  0.272124E-002
 -0.500000E+001 -0.500000E+001  0.208000E+001  0.282357E-002  0.643174E-003  0.289590E-002
 -0.500000E+001 -0.500000E+001  0.210000E+001  0.259750E-002  0.155112E-002  0.302539E-002
 -0.500000E+001 -0.500000E+001  0.212000E+001  0.208384E-002  0.231548E-002  0.311509E-002
 -0.500000E+001 -0.500000E+001  0.214000E+001  0.136439E-002  0.286088E-002  0.316957E-002
 -0.500000E+001 -0.500000E+001  0.216000E+001  0.531455E-003  0.314806E-002  0.319260E-002
 -0.500000E+001 -0.500000E+001  0.218000E+001 -0.326085E-003  0.317326E-002  0.318997E-002
 -0.500000E+001 -0.500000E+001  0.220000E+001 -0.113000E-002  0.295489E-002  0.316359E-002
 -0.500000E+001 -0.500000E+001  0.222000E+001 -0.181268E-002  0.253601E-002  0.311724E-002
 -0.500000E+001 -0.500000E+001  0.224000E+001 -0.233662E-002  0.196669E-002  0.305412E-002
 -0.500000E+001 -0.500000E+001  0.226000E+001  0.117822E-001  0.252427E-002  0.120496E-001
 -0.500000E+001 -0.500000E+001  0.228000E+001 -0.554648E-002  0.674003E-002  0.872877E-002
 -0.500000E+001 -0.500000E+001  0.230000E+001 -0.777142E-002 -0.293173E-003  0.777695E-002
 -0.500000E+001 -0.500000E+001  0.232000E+001 -0.482495E-002 -0.415881E-002  0.636992E-002
 -0.500000E+001 -0.500000E+001  0.234000E+001 -0.138686E-002 -0.468630E-002  0.488721E-002
 -0.500000E+001 -0.500000E+001  0.236000E+001  0.813969E-003 -0.340555E-002  0.350147E-002
 -0.500000E+001 -0.500000E+001  0.238000E+001  0.154855E-002 -0.167668E-002  0.228238E-002
 -0.500000E+001 -0.500000E+001  0.240000E+001  0.122130E-002 -0.317202E-003  0.126182E-002
 -0.500000E+001 -0.500000E+001  0.242000E+001  0.389766E-003  0.351518E-003  0.524864E-003
 -0.500000E+001 -0.500000E+001  0.244000E+001 -0.470448E-003  0.347657E-003  0.584967E-003
 -0.500000E+001 -0.500000E+001  0.246000E+001 -0.105274E-002 -0.129663E-003  0.106070E-002
 -0.500000E+001 -0.500000E+001  0.248000E+001 -0.122439E-002 -0.822535E-003  0.147502E-002
 -0.500000E+001 -0.500000E+001  0.250000E+001 -0.991620E-003 -0.149433E-002  0.179341E-002
 -0.500000E+001 -0.500000E+001  0.252000E+001 -0.451230E-003 -0.197226E-002  0.202322E-002
 -0.500000E+001 -0.500000E+001  0.254000E+001  0.256381E-003 -0.216162E-002  0.217677E-002
 -0.500000E+001 -0.500000E+001  0.256000E+001  0.985258E-003 -0.204126E-002  0.226660E-002
 -0.500000E+001 -0.500000E+001  0.258000E+001  0.161036E-002 -0.164825E-002  0.230434E-002
 -0.500000E+001 -0.500000E+001  0.260000E+001  0.204269E-002 -0.105813E-002  0.230049E-002
 -0.500000E+001 -0.500000E+001  0.262000E+001  0.223475E-002 -0.365167E-003  0.226439E-002
 -0.500000E+001 -0.500000E+001  0.264000E+001  0.217876E-002  0.334791E-003  0.220433E-002
 -0.500000E+001 -0.500000E+001  0.266000E+001  0.190008E-002  0.957314E-003  0.212762E-002
 -0.500000E+001 -0.500000E+001  0.268000E+001  0.956152E-003  0.901857E-003  0.131437E-002
 -0.500000E+001 -0.500000E+001  0.270000E+001  0.885929E-003  0.173619E-002  0.194916E-002
 -0.500000E+001 -0.500000E+001  0.272000E+001 -0.125677E-002 -0.613967E-002  0.626698E-002
 -0.500000E+001 -0.500000E+001  0.274000E+001  0.487586E-002  0.861423E-003  0.495137E-002
 -0.500000E+001 -0.500000E+001  0.276000E+001  0.145028E-002  0.498240E-002  0.518918E-002
 -0.500000E+001 -0.500000E+001  0.278000E+001 -0.255235E-002  0.437115E-002  0.506177E-002
 -0.500000E+001 -0.500000E+001  0.280000E+001 -0.439113E-002  0.165062E-002  0.469111E-002
 -0.500000E+001 -0.500000E+001  0.282000E+001 -0.408631E-002 -0.104459E-002  0.421771E-002
 -0.500000E+001 -0.500000E+001  0.284000E+001 -0.256090E-002 -0.269443E-002  0.371728E-002
 -0.500000E+001 -0.500000E+001  0.286000E+001 -0.757312E-003 -0.313428E-002  0.322448E-002
 -0.500000E+001 -0.500000E+001  0.288000E+001  0.693732E-003 -0.266340E-002  0.275227E-002
 -0.500000E+001 -0.500000E+001  0.290000E+001  0.151870E-002 -0.173182E-002  0.230340E-002
 -0.500000E+001 -0.500000E+001  0.292000E+001  0.172164E-002 -0.746734E-003  0.187661E-002
 -0.500000E+001 -0.500000E+001  0.294000E+001  0.146970E-002  0.174320E-004  0.146980E-002
 -0.500000E+001 -0.500000E+001  0.296000E+001  0.989242E-003  0.436763E-003  0.108137E-002
 -0.500000E+001 -0.500000E+001  0.298000E+001  0.491077E-003  0.513643E-003  0.710624E-003
 -0.500000E+001 -0.500000E+001  0.300000E+001  0.127800E-003  0.334240E-003  0.357840E-003
 -0.500000E+001 -0.500000E+001  0.302000E+001 -0.216901E-004  0.240709E-004  0.324017E-004
 -0.500000E+001 -0.500000E+001  0.304000E+001  0.520896E-004 -0.289451E-003  0.294101E-003
 -0.500000E+001 -0.500000E+001  0.306000E+001  0.305278E-003 -0.503195E-003  0.588558E-003
 -0.500000E+001 -0.500000E+001  0.308000E+001  0.661516E-003 -0.552401E-003  0.861830E-003
 -0.500000E+001 -0.500000E+001  0.310000E+001  0.103277E-002 -0.414451E-003  0.111283E-002
 -0.500000E+001 -0.500000E+001  0.312000E+001  0.133682E-002 -0.104800E-003  0.134092E-002
 -0.500000E+001 -0.500000E+001  0.314000E+001  0.150974E-002  0.330942E-003  0.154559E-002
 -0.500000E+001 -0.500000E+001  0.316000E+001  0.164231E-001  0.142301E-002  0.164846E-001
 -0.500000E+001 -0.500000E+001  0.318000E+001 -0.335200E-002  0.490491E-002  0.594088E-002
 -0.500000E+001 -0.500000E+001  0.320000E+001 -0.201126E-002 -0.134899E-002  0.242176E-002
 -0.500000E+001 -0.500000E+001  0.322000E+001  0.183054E-002 -0.124104E-002  0.221157E-002
 -0.500000E+001 -0.500000E+001  0.324000E+001  0.297609E-002  0.156716E-002  0.336349E-002
 -0.500000E+001 -0.500000E+001  0.326000E+001  0.155792E-002  0.389016E-002  0.419052E-002
 -0.500000E+001 -0.500000E+001  0.328000E+001 -0.880956E-003  0.451967E-002  0.460473E-002
 -0.500000E+001 -0.500000E+001  0.330000E+001 -0.301138E-002  0.359939E-002  0.469298E-002
 -0.500000E+001 -0.500000E+001  0.332000E+001 -0.415487E-002  0.183739E-002  0.454301E-002
 -0.500000E+001 -0.500000E+001  0.334000E+001 -0.422635E-002 -0.275072E-004  0.422644E-002
 -0.500000E+001 -0.500000E+001  0.336000E+001 -0.350047E-002 -0.148319E-002  0.380173E-002
 -0.500000E+001 -0.500000E+001  0.338000E+001 -0.238017E-002 -0.230552E-002  0.331370E-002
 -0.500000E+001 -0.500000E+001  0.340000E+001 -0.123589E-002 -0.250898E-002  0.279685E-002
 -0.500000E+001 -0.500000E+001  0.342000E+001 -0.321877E-003 -0.225548E-002  0.227833E-002
 -0.500000E+001 -0.500000E+001  0.344000E+001  0.246248E-003 -0.176224E-002  0.177936E-002
 -0.500000E+001 -0.500000E+001  0.346000E+001  0.471490E-003 -0.123208E-002  0.131921E-002
 -0.500000E+001 -0.500000E+001  0.348000E+001  0.436554E-003 -0.811661E-003  0.921614E-003
 -0.500000E+001 -0.500000E+001  0.350000E+001  0.260811E-003 -0.576127E-003  0.632412E-003
 -0.500000E+001 -0.500000E+001  0.352000E+001  0.634985E-004 -0.533561E-003  0.537326E-003
 -0.500000E+001 -0.500000E+001  0.354000E+001 -0.618298E-004 -0.641595E-003  0.644567E-003
 -0.500000E+001 -0.500000E+001  0.356000E+001 -0.605154E-004 -0.829053E-003  0.831259E-003
 -0.500000E+001 -0.500000E+001  0.358000E+001  0.170128E-003 -0.917453E-003  0.933093E-003
 -0.500000E+001 -0.500000E+001  0.360000E+001  0.554736E-003 -0.153611E-002  0.163320E-002
 -0.500000E+001 -0.500000E+001  0.362000E+001  0.132103E-002 -0.900875E-002  0.910509E-002
 -0.500000E+001 -0.500000E+001  0.364000E+001  0.565498E-002  0.483489E-003  0.567561E-002
 -0.500000E+001 -0.500000E+001  0.366000E+001  0.944833E-003  0.260554E-002  0.277156E-002
 -0.500000E+001 -0.500000E+001  0.368000E+001 -0.112820E-002  0.172358E-003  0.114129E-002
 -0.500000E+001 -0.500000E+001  0.370000E+001 -0.289000E-004 -0.194344E-002  0.194365E-002
 -0.500000E+001 -0.500000E+001  0.372000E+001  0.208021E-002 -0.205342E-002  0.292298E-002
 -0.500000E+001 -0.500000E+001  0.374000E+001  0.346663E-002 -0.577463E-003  0.351439E-002
 -0.500000E+001 -0.500000E+001  0.376000E+001  0.350539E-002  0.138314E-002  0.376840E-002
 -0.500000E+001 -0.500000E+001  0.378000E+001  0.152816E-002  0.263249E-002  0.304389E-002
 -0.500000E+001 -0.500000E+001  0.380000E+001 -0.522682E-004  0.310368E-002  0.310412E-002
 -0.500000E+001 -0.500000E+001  0.382000E+001 -0.154704E-002  0.267248E-002  0.308795E-002
 -0.500000E+001 -0.500000E+001  0.384000E+001 -0.254583E-002  0.161776E-002  0.301636E-002
 -0.500000E+001 -0.500000E+001  0.386000E+001 -0.288739E-002  0.319645E-003  0.290503E-002
 -0.500000E+001 -0.500000E+001  0.388000E+001 -0.262156E-002 -0.878848E-003  0.276495E-002
 -0.500000E+001 -0.500000E+001  0.390000E+001 -0.192945E-002 -0.174799E-002  0.260351E-002
 -0.500000E+001 -0.500000E+001  0.392000E+001 -0.103946E-002 -0.219176E-002  0.242575E-002
 -0.500000E+001 -0.500000E+001  0.394000E+001 -0.160827E-003 -0.222957E-002  0.223536E-002
 -0.500000E+001 -0.500000E+001  0.396000E+001  0.437916E-003 -0.151930E-002  0.158115E-002
 -0.500000E+001 -0.500000E+001  0.398000E+001  0.847531E-003 -0.109820E-002  0.138721E-002
 -0.500000E+001 -0.500000E+001  0.400000E+001  0.101795E-002 -0.637540E-003  0.120112E-002
 -0.500000E+001 -0.500000E+001  0.402000E+001  0.993412E-003 -0.236426E-003  0.102116E-002
 -0.500000E+001 -0.500000E+001  0.404000E+001  0.845916E-003  0.466509E-004  0.847201E-003
 -0.500000E+001 -0.500000E+001  0.406000E+001  0.183046E-001 -0.435231E-002  0.188149E-001
 -0.500000E+001 -0.500000E+001  0.408000E+001 -0.471362E-002  0.175033E-002  0.502811E-002
 -0.500000E+001 -0.500000E+001  0.410000E+001 -0.244465E-003 -0.367051E-002  0.367864E-002
 -0.500000E+001 -0.500000E+001  0.412000E+001  0.329181E-002 -0.116255E-002  0.349106E-002
 -0.500000E+001 -0.500000E+001  0.414000E+001  0.251358E-002  0.187552E-002  0.313618E-002
 -0.500000E+001 -0.500000E+001  0.416000E+001  0.194637E-003  0.253257E-002  0.254004E-002
 -0.500000E+001 -0.500000E+001  0.418000E+001 -0.129218E-002  0.132588E-002  0.185140E-002
 -0.500000E+001 -0.500000E+001  0.420000E+001 -0.930595E-003 -0.271988E-006  0.930595E-003
 -0.500000E+001 -0.500000E+001  0.422000E+001 -0.167730E-003 -0.112494E-002  0.113737E-002
 -0.500000E+001 -0.500000E+001  0.424000E+001  0.112148E-002 -0.937298E-003  0.146159E-002
 -0.500000E+001 -0.500000E+001  0.426000E+001  0.209255E-002  0.425452E-003  0.213536E-002
 -0.500000E+001 -0.500000E+001  0.428000E+001  0.205186E-002  0.172634E-002  0.268149E-002
 -0.500000E+001 -0.500000E+001  0.430000E+001  0.773542E-003  0.216244E-002  0.229663E-002
 -0.500000E+001 -0.500000E+001  0.432000E+001 -0.962400E-004  0.305066E-002  0.305218E-002
 -0.500000E+001 -0.500000E+001  0.434000E+001 -0.136964E-002  0.288354E-002  0.319229E-002
 -0.500000E+001 -0.500000E+001  0.436000E+001 -0.240292E-002  0.220743E-002  0.326294E-002
 -0.500000E+001 -0.500000E+001  0.438000E+001 -0.302066E-002  0.120492E-002  0.325211E-002
 -0.500000E+001 -0.500000E+001  0.440000E+001 -0.316614E-002  0.106612E-003  0.316794E-002
 -0.500000E+001 -0.500000E+001  0.442000E+001 -0.289057E-002 -0.882596E-003  0.302231E-002
 -0.500000E+001 -0.500000E+001  0.444000E+001 -0.231696E-002 -0.162405E-002  0.282946E-002
 -0.500000E+001 -0.500000E+001  0.446000E+001 -0.159414E-002 -0.205547E-002  0.260120E-002
 -0.500000E+001 -0.500000E+001  0.448000E+001 -0.659955E-003 -0.247527E-002  0.256173E-002
 -0.500000E+001 -0.500000E+001  0.450000E+001  0.917332E-005 -0.233050E-002  0.233052E-002
 -0.500000E+001 -0.500000E+001  0.452000E+001  0.173618E-002 -0.917654E-002  0.933933E-002
 -0.500000E+001 -0.500000E+001  0.454000E+001  0.371938E-002  0.155922E-002  0.403298E-002
 -0.500000E+001 -0.500000E+001  0.456000E+001 -0.149258E-002  0.961035E-003  0.177521E-002
 -0.500000E+001 -0.500000E+001  0.458000E+001 -0.137037E-002 -0.245184E-002  0.280881E-002
 -0.500000E+001 -0.500000E+001  0.460000E+001  0.125427E-002 -0.322220E-002  0.345772E-002
 -0.500000E+001 -0.500000E+001  0.462000E+001  0.298155E-002 -0.162507E-002  0.339566E-002
 -0.500000E+001 -0.500000E+001  0.464000E+001  0.284294E-002  0.377685E-003  0.286792E-002
 -0.500000E+001 -0.500000E+001  0.466000E+001  0.154068E-002  0.142307E-002  0.209734E-002
 -0.500000E+001 -0.500000E+001  0.468000E+001  0.183812E-003  0.124614E-002  0.125962E-002
 -0.500000E+001 -0.500000E+001  0.470000E+001 -0.481677E-003  0.322779E-003  0.579827E-003
 -0.500000E+001 -0.500000E+001  0.472000E+001 -0.281624E-003 -0.659267E-003  0.716899E-003
 -0.500000E+001 -0.500000E+001  0.474000E+001  0.521056E-003 -0.117839E-002  0.128845E-002
 -0.500000E+001 -0.500000E+001  0.476000E+001  0.147824E-002 -0.103214E-002  0.180292E-002
 -0.500000E+001 -0.500000E+001  0.478000E+001  0.191917E-002 -0.677350E-003  0.203519E-002
 -0.500000E+001 -0.500000E+001  0.480000E+001  0.237741E-002  0.703264E-003  0.247925E-002
 -0.500000E+001 -0.500000E+001  0.482000E+001  0.202897E-002  0.169892E-002  0.264633E-002
 -0.500000E+001 -0.500000E+001  0.484000E+001  0.125122E-002  0.241600E-002  0.272077E-002
 -0.500000E+001 -0.500000E+001  0.486000E+001  0.355017E-003  0.195899E-002  0.199090E-002
 -0.500000E+001 -0.500000E+001  0.488000E+001 -0.128002E-002  0.236980E-002  0.269340E-002
 -0.500000E+001 -0.500000E+001  0.490000E+001 -0.141026E-002  0.170857E-002  0.221542E-002
 -0.500000E+001 -0.500000E+001  0.492000E+001 -0.184982E-002  0.968728E-003  0.208813E-002
 -0.500000E+001 -0.500000E+001  0.494000E+001 -0.194551E-002  0.171027E-003  0.195301E-002
 -0.500000E+001 -0.500000E+001  0.496000E+001  0.215597E-001 -0.526153E-001  0.568611E-001
 -0.500000E+001 -0.500000E+001  0.498000E+001 -0.641674E-002 -0.958621E-003  0.648795E-002
 -0.500000E+001 -0.500000E+001  0.500000E+001  0.906389E-004 -0.522153E-002  0.522232E-002
 -0.500000E+001 -0.500000E+001  0.502000E+001  0.265479E-002 -0.693837E-003  0.274396E-002
 -0.500000E+001 -0.500000E+001  0.504000E+001  0.453007E-003  0.123129E-002  0.131198E-002
 -0.500000E+001 -0.500000E+001  0.506000E+001 -0.129933E-002  0.930514E-004  0.130266E-002
 -0.500000E+001 -0.500000E+001  0.508000E+001 -0.950607E-003 -0.166553E-002  0.191772E-002
 -0.500000E+001 -0.500000E+001  0.510000E+001  0.644639E-003 -0.226811E-002  0.235794E-002
 -0.500000E+001 -0.500000E+001  0.512000E+001  0.208083E-002 -0.147672E-002  0.255158E-002
 -0.500000E+001 -0.500000E+001  0.514000E+001  0.266717E-002  0.372385E-003  0.269304E-002
 -0.500000E+001 -0.500000E+001  0.516000E+001  0.203312E-002  0.167553E-002  0.263457E-002
 -0.500000E+001 -0.500000E+001  0.518000E+001  0.853980E-003  0.225415E-002  0.241049E-002
 -0.500000E+001 -0.500000E+001  0.520000E+001 -0.905569E-003  0.175500E-002  0.197486E-002
 -0.500000E+001 -0.500000E+001  0.522000E+001 -0.111607E-002  0.108333E-002  0.155538E-002
 -0.500000E+001 -0.500000E+001  0.524000E+001 -0.116767E-002  0.219710E-003  0.118816E-002
 -0.500000E+001 -0.500000E+001  0.526000E+001 -0.733474E-003 -0.406168E-003  0.838425E-003
 -0.500000E+001 -0.500000E+001  0.528000E+001 -0.702145E-004 -0.601925E-003  0.606007E-003
 -0.500000E+001 -0.500000E+001  0.530000E+001  0.539239E-003 -0.354640E-003  0.645405E-003
 -0.500000E+001 -0.500000E+001  0.532000E+001  0.877450E-003  0.207764E-003  0.901711E-003
 -0.500000E+001 -0.500000E+001  0.534000E+001  0.839534E-003  0.885218E-003  0.122001E-002
 -0.500000E+001 -0.500000E+001  0.536000E+001  0.435283E-003  0.147911E-002  0.154183E-002
 -0.500000E+001 -0.500000E+001  0.538000E+001 -0.169947E-004  0.138633E-002  0.138643E-002
 -0.500000E+001 -0.500000E+001  0.540000E+001 -0.697773E-003  0.142976E-002  0.159094E-002
 -0.500000E+001 -0.500000E+001  0.542000E+001 -0.449412E-004 -0.596132E-002  0.596149E-002
 -0.500000E+001 -0.500000E+001  0.544000E+001 -0.288009E-003  0.441604E-002  0.442542E-002
 -0.500000E+001 -0.500000E+001  0.546000E+001 -0.507235E-002  0.584587E-003  0.510592E-002
 -0.500000E+001 -0.500000E+001  0.548000E+001 -0.282092E-002 -0.316743E-002  0.424149E-002
 -0.500000E+001 -0.500000E+001  0.550000E+001  0.142536E-003 -0.272610E-002  0.272982E-002
 -0.500000E+001 -0.500000E+001  0.552000E+001  0.707081E-003 -0.858227E-003  0.111199E-002
 -0.500000E+001 -0.500000E+001  0.554000E+001 -0.357378E-003 -0.615180E-004  0.362634E-003
 -0.500000E+001 -0.500000E+001  0.556000E+001 -0.130849E-002 -0.734703E-003  0.150064E-002
 -0.500000E+001 -0.500000E+001  0.558000E+001 -0.118785E-002 -0.198370E-002  0.231216E-002
 -0.500000E+001 -0.500000E+001  0.560000E+001 -0.874670E-004 -0.279623E-002  0.279760E-002
 -0.500000E+001 -0.500000E+001  0.562000E+001  0.132457E-002 -0.268398E-002  0.299303E-002
 -0.500000E+001 -0.500000E+001  0.564000E+001  0.236637E-002 -0.175987E-002  0.294904E-002
 -0.500000E+001 -0.500000E+001  0.566000E+001  0.267539E-002 -0.487906E-003  0.271951E-002
 -0.500000E+001 -0.500000E+001  0.568000E+001  0.227194E-002  0.625447E-003  0.235646E-002
 -0.500000E+001 -0.500000E+001  0.570000E+001  0.144242E-002  0.124749E-002  0.190704E-002
 -0.500000E+001 -0.500000E+001  0.572000E+001  0.559815E-003  0.129670E-002  0.141238E-002
 -0.500000E+001 -0.500000E+001  0.574000E+001 -0.700430E-004  0.905773E-003  0.908477E-003
 -0.500000E+001 -0.500000E+001  0.576000E+001 -0.324405E-003  0.721891E-004  0.332340E-003
 -0.500000E+001 -0.500000E+001  0.578000E+001 -0.118549E-003 -0.443687E-003  0.459252E-003
 -0.500000E+001 -0.500000E+001  0.580000E+001  0.348649E-003 -0.701638E-003  0.783487E-003
 -0.500000E+001 -0.500000E+001  0.582000E+001  0.884921E-003 -0.625483E-003  0.108366E-002
 -0.500000E+001 -0.500000E+001  0.584000E+001  0.130572E-002 -0.248367E-003  0.132913E-002
 -0.500000E+001 -0.500000E+001  0.586000E+001  0.148199E-002  0.316912E-003  0.151550E-002
 -0.500000E+001 -0.500000E+001  0.588000E+001 -0.351093E-002  0.160294E-003  0.351459E-002
 -0.500000E+001 -0.500000E+001  0.590000E+001  0.330412E-002 -0.106406E-002  0.347123E-002
 -0.500000E+001 -0.500000E+001  0.592000E+001  0.226884E-002  0.373449E-002  0.436967E-002
 -0.500000E+001 -0.500000E+001  0.594000E+001 -0.197123E-002  0.352727E-002  0.404072E-002
 -0.500000E+001 -0.500000E+001  0.596000E+001 -0.284934E-002  0.922138E-003  0.299485E-002
 -0.500000E+001 -0.500000E+001  0.598000E+001 -0.163107E-002 -0.806630E-003  0.181962E-002
 -0.500000E+001 -0.500000E+001  0.600000E+001 -0.400447E-003 -0.109556E-002  0.116645E-002
