  0.000000E+000  0.000000E+000  0.000000E+000  0.000000E+000
  0.225440E+001  0.335850E+001  0.500000E+001  0.659133E-003
  0.225870E+001  0.295596E+001  0.600000E+001  0.310297E-003
  0.226299E+001  0.296159E+001  0.600000E+001  0.309380E-003
  0.226729E+001  0.296722E+001  0.600000E+001  0.308445E-003
  0.227158E+001  0.297285E+001  0.600000E+001  0.307489E-003
  0.227588E+001  0.297848E+001  0.600000E+001  0.306509E-003
  0.228018E+001  0.298411E+001  0.600000E+001  0.305503E-003
  0.228447E+001  0.298974E+001  0.600000E+001  0.304468E-003
  0.228877E+001  0.299537E+001  0.600000E+001  0.303398E-003
  0.229306E+001  0.300100E+001  0.600000E+001  0.302290E-003
  0.229736E+001  0.300663E+001  0.600000E+001  0.301138E-003
  0.230166E+001  0.301226E+001  0.600000E+001  0.299936E-003
  0.230595E+001  0.301789E+001  0.600000E+001  0.298675E-003
  0.231025E+001  0.302352E+001  0.600000E+001  0.297345E-003
  0.231454E+001  0.302915E+001  0.600000E+001  0.295936E-003
  0.231884E+001  0.303479E+001  0.600000E+001  0.294432E-003
  0.232314E+001  0.304042E+001  0.600000E+001  0.292817E-003
  0.232743E+001  0.304605E+001  0.600000E+001  0.291066E-003
  0.233173E+001  0.305168E+001  0.600000E+001  0.289151E-003
  0.233602E+001  0.305731E+001  0.600000E+001  0.287033E-003
  0.234032E+001  0.306294E+001  0.600000E+001  0.284663E-003
  0.234462E+001  0.306858E+001  0.600000E+001  0.281970E-003
  0.234891E+001  0.307421E+001  0.600000E+001  0.278858E-003
  0.235321E+001  0.307984E+001  0.600000E+001  0.275189E-003
  0.235750E+001  0.308548E+001  0.600000E+001  0.270757E-003
  0.236180E+001  0.309111E+001  0.600000E+001  0.265237E-003
  0.236610E+001  0.309675E+001  0.600000E+001  0.258098E-003
  0.237039E+001  0.310239E+001  0.600000E+001  0.248394E-003
  0.237469E+001  0.310804E+001  0.600000E+001  0.234278E-003
  0.237898E+001  0.311370E+001  0.600000E+001  0.211622E-003
  0.238328E+001  0.311939E+001  0.600000E+001  0.169203E-003
  0.238758E+001  0.353007E+001  0.500000E+001  0.600462E-003
  0.239187E+001  0.313239E+001  0.600000E+001  0.321041E-003
  0.239617E+001  0.314351E+001  0.600000E+001  0.999463E-003
  0.240046E+001  0.315529E+001  0.600000E+001  0.112056E-002
  0.240476E+001  0.316711E+001  0.600000E+001  0.116066E-002
  0.240906E+001  0.317891E+001  0.600000E+001  0.117812E-002
  0.241335E+001  0.319068E+001  0.600000E+001  0.118629E-002
  0.241765E+001  0.320243E+001  0.600000E+001  0.118981E-002
  0.242194E+001  0.321414E+001  0.600000E+001  0.119068E-002
  0.242624E+001  0.322582E+001  0.600000E+001  0.118992E-002
  0.243054E+001  0.323747E+001  0.600000E+001  0.118808E-002
  0.243483E+001  0.324908E+001  0.600000E+001  0.118551E-002
  0.243913E+001  0.326065E+001  0.600000E+001  0.118243E-002
  0.244342E+001  0.327220E+001  0.600000E+001  0.117897E-002
  0.244772E+001  0.328371E+001  0.600000E+001  0.117523E-002
  0.245202E+001  0.329519E+001  0.600000E+001  0.117128E-002
  0.245631E+001  0.330663E+001  0.600000E+001  0.116718E-002
  0.246061E+001  0.331805E+001  0.600000E+001  0.116297E-002
  0.246490E+001  0.332943E+001  0.600000E+001  0.115867E-002
  0.246920E+001  0.334078E+001  0.600000E+001  0.115430E-002
  0.247350E+001  0.335209E+001  0.600000E+001  0.114989E-002
  0.247779E+001  0.336338E+001  0.600000E+001  0.114545E-002
  0.248209E+001  0.337463E+001  0.600000E+001  0.114098E-002
  0.248638E+001  0.338586E+001  0.600000E+001  0.113650E-002
  0.249068E+001  0.339705E+001  0.600000E+001  0.113202E-002
  0.249498E+001  0.340822E+001  0.600000E+001  0.112754E-002
  0.249927E+001  0.341935E+001  0.600000E+001  0.112306E-002
  0.250357E+001  0.343046E+001  0.600000E+001  0.111859E-002
  0.250786E+001  0.344154E+001  0.600000E+001  0.111414E-002
  0.251216E+001  0.345258E+001  0.600000E+001  0.110970E-002
  0.251646E+001  0.346360E+001  0.600000E+001  0.110528E-002
  0.252075E+001  0.347459E+001  0.600000E+001  0.110088E-002
  0.252505E+001  0.348556E+001  0.600000E+001  0.109650E-002
  0.252934E+001  0.349649E+001  0.600000E+001  0.109215E-002
  0.253364E+001  0.350740E+001  0.600000E+001  0.108782E-002
  0.253794E+001  0.351828E+001  0.600000E+001  0.108351E-002
  0.254223E+001  0.352913E+001  0.600000E+001  0.107924E-002
  0.254653E+001  0.353996E+001  0.600000E+001  0.107498E-002
  0.255082E+001  0.355076E+001  0.600000E+001  0.107076E-002
  0.255512E+001  0.356153E+001  0.600000E+001  0.106656E-002
  0.255942E+001  0.357228E+001  0.600000E+001  0.106239E-002
  0.256371E+001  0.358300E+001  0.600000E+001  0.105825E-002
  0.256801E+001  0.359370E+001  0.600000E+001  0.105414E-002
  0.257230E+001  0.360437E+001  0.600000E+001  0.105006E-002
  0.257660E+001  0.361501E+001  0.600000E+001  0.104601E-002
  0.258090E+001  0.362563E+001  0.600000E+001  0.104198E-002
  0.258519E+001  0.363623E+001  0.600000E+001  0.103799E-002
  0.258949E+001  0.364680E+001  0.600000E+001  0.103402E-002
  0.259378E+001  0.365734E+001  0.600000E+001  0.103008E-002
  0.259808E+001  0.366787E+001  0.600000E+001  0.102617E-002
  0.260238E+001  0.367836E+001  0.600000E+001  0.102229E-002
  0.260667E+001  0.368884E+001  0.600000E+001  0.101844E-002
  0.261097E+001  0.369929E+001  0.600000E+001  0.101461E-002
  0.261526E+001  0.370972E+001  0.600000E+001  0.101082E-002
  0.261956E+001  0.372012E+001  0.600000E+001  0.100705E-002
  0.262386E+001  0.373050E+001  0.600000E+001  0.100331E-002
  0.262815E+001  0.374086E+001  0.600000E+001  0.999595E-003
  0.263245E+001  0.375120E+001  0.600000E+001  0.995910E-003
  0.263674E+001  0.376151E+001  0.600000E+001  0.992253E-003
  0.264104E+001  0.377181E+001  0.600000E+001  0.988622E-003
  0.264534E+001  0.378208E+001  0.600000E+001  0.985019E-003
  0.264963E+001  0.379232E+001  0.600000E+001  0.981442E-003
  0.265393E+001  0.380255E+001  0.600000E+001  0.977892E-003
  0.265822E+001  0.381276E+001  0.600000E+001  0.974368E-003
  0.266252E+001  0.382294E+001  0.600000E+001  0.970870E-003
  0.266682E+001  0.383310E+001  0.600000E+001  0.967398E-003
  0.267111E+001  0.384324E+001  0.600000E+001  0.963951E-003
  0.267541E+001  0.385336E+001  0.600000E+001  0.960530E-003
  0.267970E+001  0.386346E+001  0.500000E+001  0.957134E-003
  0.268400E+001  0.387354E+001  0.500000E+001  0.953763E-003
