  0.000000E+000  0.000000E+000  0.000000E+000  0.000000E+000
  0.225440E+001  0.361074E+001  0.500000E+001  0.751439E-003
  0.225870E+001  0.344360E+001  0.600000E+001  0.963833E-003
  0.226299E+001  0.345245E+001  0.600000E+001  0.961463E-003
  0.226729E+001  0.346130E+001  0.600000E+001  0.959011E-003
  0.227158E+001  0.347012E+001  0.600000E+001  0.956488E-003
  0.227588E+001  0.347893E+001  0.600000E+001  0.953906E-003
  0.228018E+001  0.348772E+001  0.600000E+001  0.951274E-003
  0.228447E+001  0.349650E+001  0.600000E+001  0.948599E-003
  0.228877E+001  0.350526E+001  0.600000E+001  0.945888E-003
  0.229306E+001  0.351401E+001  0.600000E+001  0.943148E-003
  0.229736E+001  0.352274E+001  0.600000E+001  0.940382E-003
  0.230166E+001  0.353145E+001  0.600000E+001  0.937596E-003
  0.230595E+001  0.354015E+001  0.600000E+001  0.934793E-003
  0.231025E+001  0.354884E+001  0.600000E+001  0.931977E-003
  0.231454E+001  0.355751E+001  0.600000E+001  0.929150E-003
  0.231884E+001  0.356616E+001  0.600000E+001  0.926316E-003
  0.232314E+001  0.357480E+001  0.600000E+001  0.923476E-003
  0.232743E+001  0.358343E+001  0.600000E+001  0.920633E-003
  0.233173E+001  0.359204E+001  0.600000E+001  0.917788E-003
  0.233602E+001  0.360064E+001  0.600000E+001  0.914943E-003
  0.234032E+001  0.360922E+001  0.600000E+001  0.912099E-003
  0.234462E+001  0.361779E+001  0.600000E+001  0.909258E-003
  0.234891E+001  0.362635E+001  0.600000E+001  0.906421E-003
  0.235321E+001  0.363489E+001  0.600000E+001  0.903588E-003
  0.235750E+001  0.364341E+001  0.600000E+001  0.900762E-003
  0.236180E+001  0.365193E+001  0.600000E+001  0.897942E-003
  0.236610E+001  0.366042E+001  0.600000E+001  0.895129E-003
  0.237039E+001  0.366891E+001  0.600000E+001  0.892324E-003
  0.237469E+001  0.367738E+001  0.600000E+001  0.889528E-003
  0.237898E+001  0.368584E+001  0.600000E+001  0.886741E-003
  0.238328E+001  0.369429E+001  0.600000E+001  0.883964E-003
  0.238758E+001  0.381616E+001  0.500000E+001  0.690161E-003
  0.239187E+001  0.371114E+001  0.600000E+001  0.878440E-003
  0.239617E+001  0.371954E+001  0.600000E+001  0.875694E-003
  0.240046E+001  0.372794E+001  0.600000E+001  0.872958E-003
  0.240476E+001  0.373632E+001  0.600000E+001  0.870235E-003
  0.240906E+001  0.374468E+001  0.600000E+001  0.867522E-003
  0.241335E+001  0.375304E+001  0.600000E+001  0.864822E-003
  0.241765E+001  0.376138E+001  0.600000E+001  0.862133E-003
  0.242194E+001  0.376971E+001  0.600000E+001  0.859457E-003
  0.242624E+001  0.377803E+001  0.600000E+001  0.856793E-003
  0.243054E+001  0.378633E+001  0.600000E+001  0.854141E-003
  0.243483E+001  0.379462E+001  0.600000E+001  0.851501E-003
  0.243913E+001  0.380290E+001  0.600000E+001  0.848875E-003
  0.244342E+001  0.381117E+001  0.600000E+001  0.846261E-003
  0.244772E+001  0.381942E+001  0.600000E+001  0.843660E-003
  0.245202E+001  0.382767E+001  0.600000E+001  0.841071E-003
  0.245631E+001  0.383590E+001  0.600000E+001  0.838495E-003
  0.246061E+001  0.384412E+001  0.600000E+001  0.835933E-003
  0.246490E+001  0.385233E+001  0.600000E+001  0.833383E-003
  0.246920E+001  0.386052E+001  0.600000E+001  0.830846E-003
  0.247350E+001  0.386871E+001  0.600000E+001  0.828322E-003
  0.247779E+001  0.387688E+001  0.600000E+001  0.825811E-003
  0.248209E+001  0.388504E+001  0.600000E+001  0.823313E-003
  0.248638E+001  0.389319E+001  0.600000E+001  0.820827E-003
  0.249068E+001  0.390133E+001  0.600000E+001  0.818355E-003
  0.249498E+001  0.390946E+001  0.600000E+001  0.815895E-003
  0.249927E+001  0.391758E+001  0.600000E+001  0.813449E-003
  0.250357E+001  0.392568E+001  0.600000E+001  0.811015E-003
  0.250786E+001  0.393378E+001  0.600000E+001  0.808594E-003
  0.251216E+001  0.394186E+001  0.600000E+001  0.806185E-003
  0.251646E+001  0.394993E+001  0.600000E+001  0.803789E-003
  0.252075E+001  0.395799E+001  0.600000E+001  0.801406E-003
  0.252505E+001  0.396604E+001  0.600000E+001  0.799036E-003
  0.252934E+001  0.397408E+001  0.600000E+001  0.796678E-003
  0.253364E+001  0.398211E+001  0.600000E+001  0.794332E-003
  0.253794E+001  0.399013E+001  0.600000E+001  0.791999E-003
  0.254223E+001  0.399814E+001  0.600000E+001  0.789678E-003
  0.254653E+001  0.400614E+001  0.600000E+001  0.787370E-003
  0.255082E+001  0.401413E+001  0.600000E+001  0.785074E-003
  0.255512E+001  0.402210E+001  0.600000E+001  0.782790E-003
  0.255942E+001  0.403007E+001  0.600000E+001  0.780518E-003
  0.256371E+001  0.403803E+001  0.600000E+001  0.778258E-003
  0.256801E+001  0.404597E+001  0.600000E+001  0.776010E-003
  0.257230E+001  0.405391E+001  0.600000E+001  0.773774E-003
  0.257660E+001  0.406183E+001  0.600000E+001  0.771549E-003
  0.258090E+001  0.406975E+001  0.600000E+001  0.769337E-003
  0.258519E+001  0.407766E+001  0.600000E+001  0.767136E-003
  0.258949E+001  0.408555E+001  0.600000E+001  0.764947E-003
  0.259378E+001  0.409344E+001  0.600000E+001  0.762769E-003
  0.259808E+001  0.410132E+001  0.600000E+001  0.760603E-003
  0.260238E+001  0.410918E+001  0.600000E+001  0.758448E-003
  0.260667E+001  0.411704E+001  0.600000E+001  0.756304E-003
  0.261097E+001  0.412489E+001  0.600000E+001  0.754172E-003
  0.261526E+001  0.413273E+001  0.600000E+001  0.752050E-003
  0.261956E+001  0.414056E+001  0.600000E+001  0.749940E-003
  0.262386E+001  0.414838E+001  0.600000E+001  0.747840E-003
  0.262815E+001  0.415619E+001  0.600000E+001  0.745750E-003
  0.263245E+001  0.416399E+001  0.600000E+001  0.743671E-003
  0.263674E+001  0.417178E+001  0.600000E+001  0.741602E-003
  0.264104E+001  0.417956E+001  0.600000E+001  0.739543E-003
  0.264534E+001  0.418734E+001  0.600000E+001  0.737492E-003
  0.264963E+001  0.419510E+001  0.600000E+001  0.735449E-003
  0.265393E+001  0.420286E+001  0.600000E+001  0.733413E-003
  0.265822E+001  0.421060E+001  0.600000E+001  0.731378E-003
  0.266252E+001  0.421834E+001  0.600000E+001  0.729339E-003
  0.266682E+001  0.422607E+001  0.600000E+001  0.727277E-003
  0.267111E+001  0.423379E+001  0.600000E+001  0.725137E-003
  0.267541E+001  0.424150E+001  0.600000E+001  0.722675E-003
  0.267970E+001  0.425039E+001  0.500000E+001  0.579289E-003
  0.268400E+001  0.425663E+001  0.500000E+001  0.458048E-003
