  0.000000E+000  0.000000E+000  0.000000E+000  0.000000E+000
  0.225440E+001  0.295032E+001  0.500000E+001  0.311197E-003
  0.225870E+001  0.273962E+001  0.600000E+001  0.152078E-002
  0.226299E+001  0.275300E+001  0.600000E+001  0.151186E-002
  0.226729E+001  0.276632E+001  0.600000E+001  0.150309E-002
  0.227158E+001  0.277958E+001  0.600000E+001  0.149447E-002
  0.227588E+001  0.279279E+001  0.600000E+001  0.148600E-002
  0.228018E+001  0.280595E+001  0.600000E+001  0.147767E-002
  0.228447E+001  0.281905E+001  0.600000E+001  0.146949E-002
  0.228877E+001  0.283210E+001  0.600000E+001  0.146146E-002
  0.229306E+001  0.284510E+001  0.600000E+001  0.145358E-002
  0.229736E+001  0.285805E+001  0.600000E+001  0.144585E-002
  0.230166E+001  0.287094E+001  0.600000E+001  0.143828E-002
  0.230595E+001  0.288379E+001  0.600000E+001  0.143088E-002
  0.231025E+001  0.289659E+001  0.600000E+001  0.142365E-002
  0.231454E+001  0.290934E+001  0.600000E+001  0.141660E-002
  0.231884E+001  0.292204E+001  0.600000E+001  0.140974E-002
  0.232314E+001  0.293470E+001  0.600000E+001  0.140309E-002
  0.232743E+001  0.294731E+001  0.600000E+001  0.139668E-002
  0.233173E+001  0.295987E+001  0.600000E+001  0.139052E-002
  0.233602E+001  0.297239E+001  0.600000E+001  0.138466E-002
  0.234032E+001  0.298486E+001  0.600000E+001  0.137914E-002
  0.234462E+001  0.299729E+001  0.600000E+001  0.137403E-002
  0.234891E+001  0.300967E+001  0.600000E+001  0.136942E-002
  0.235321E+001  0.302201E+001  0.600000E+001  0.136546E-002
  0.235750E+001  0.303431E+001  0.600000E+001  0.136235E-002
  0.236180E+001  0.304656E+001  0.600000E+001  0.136040E-002
  0.236610E+001  0.305877E+001  0.600000E+001  0.136015E-002
  0.237039E+001  0.307094E+001  0.600000E+001  0.136255E-002
  0.237469E+001  0.308306E+001  0.600000E+001  0.136943E-002
  0.237898E+001  0.309512E+001  0.600000E+001  0.138492E-002
  0.238328E+001  0.310712E+001  0.600000E+001  0.142020E-002
  0.238758E+001  0.311896E+001  0.500000E+001  0.151291E-002
  0.239187E+001  0.312938E+001  0.600000E+001  0.125280E-002
  0.239617E+001  0.313583E+001  0.600000E+001  0.568995E-003
  0.240046E+001  0.314158E+001  0.600000E+001  0.441292E-003
  0.240476E+001  0.314726E+001  0.600000E+001  0.394517E-003
  0.240906E+001  0.315292E+001  0.600000E+001  0.370430E-003
  0.241335E+001  0.315856E+001  0.600000E+001  0.355679E-003
  0.241765E+001  0.316420E+001  0.600000E+001  0.345646E-003
  0.242194E+001  0.316984E+001  0.600000E+001  0.338323E-003
  0.242624E+001  0.317548E+001  0.600000E+001  0.332697E-003
  0.243054E+001  0.318111E+001  0.600000E+001  0.328205E-003
  0.243483E+001  0.318675E+001  0.600000E+001  0.324508E-003
  0.243913E+001  0.319238E+001  0.600000E+001  0.321389E-003
  0.244342E+001  0.319801E+001  0.600000E+001  0.318704E-003
  0.244772E+001  0.320364E+001  0.600000E+001  0.316354E-003
  0.245202E+001  0.320927E+001  0.600000E+001  0.314266E-003
  0.245631E+001  0.321491E+001  0.600000E+001  0.312390E-003
  0.246061E+001  0.322054E+001  0.600000E+001  0.310685E-003
  0.246490E+001  0.322617E+001  0.600000E+001  0.309122E-003
  0.246920E+001  0.323180E+001  0.600000E+001  0.307677E-003
  0.247350E+001  0.323743E+001  0.600000E+001  0.306331E-003
  0.247779E+001  0.324306E+001  0.600000E+001  0.305071E-003
  0.248209E+001  0.324869E+001  0.600000E+001  0.303884E-003
  0.248638E+001  0.325432E+001  0.600000E+001  0.302761E-003
  0.249068E+001  0.325995E+001  0.600000E+001  0.301692E-003
  0.249498E+001  0.326559E+001  0.600000E+001  0.300673E-003
  0.249927E+001  0.327122E+001  0.600000E+001  0.299696E-003
  0.250357E+001  0.327685E+001  0.600000E+001  0.298758E-003
  0.250786E+001  0.328248E+001  0.600000E+001  0.297853E-003
  0.251216E+001  0.328811E+001  0.600000E+001  0.296980E-003
  0.251646E+001  0.329374E+001  0.600000E+001  0.296134E-003
  0.252075E+001  0.329937E+001  0.600000E+001  0.295313E-003
  0.252505E+001  0.330500E+001  0.600000E+001  0.294515E-003
  0.252934E+001  0.331063E+001  0.600000E+001  0.293737E-003
  0.253364E+001  0.331626E+001  0.600000E+001  0.292979E-003
  0.253794E+001  0.332189E+001  0.600000E+001  0.292238E-003
  0.254223E+001  0.332752E+001  0.600000E+001  0.291513E-003
  0.254653E+001  0.333315E+001  0.600000E+001  0.290803E-003
  0.255082E+001  0.333878E+001  0.600000E+001  0.290107E-003
  0.255512E+001  0.334441E+001  0.600000E+001  0.289424E-003
  0.255942E+001  0.335004E+001  0.600000E+001  0.288753E-003
  0.256371E+001  0.335567E+001  0.600000E+001  0.288092E-003
  0.256801E+001  0.336130E+001  0.600000E+001  0.287443E-003
  0.257230E+001  0.336693E+001  0.600000E+001  0.286803E-003
  0.257660E+001  0.337256E+001  0.600000E+001  0.286172E-003
  0.258090E+001  0.337819E+001  0.600000E+001  0.285550E-003
  0.258519E+001  0.338382E+001  0.600000E+001  0.284937E-003
  0.258949E+001  0.338945E+001  0.600000E+001  0.284331E-003
  0.259378E+001  0.339508E+001  0.600000E+001  0.283732E-003
  0.259808E+001  0.340071E+001  0.600000E+001  0.283141E-003
  0.260238E+001  0.340634E+001  0.600000E+001  0.282556E-003
  0.260667E+001  0.341197E+001  0.600000E+001  0.281977E-003
  0.261097E+001  0.341760E+001  0.600000E+001  0.281405E-003
  0.261526E+001  0.342324E+001  0.600000E+001  0.280838E-003
  0.261956E+001  0.342887E+001  0.600000E+001  0.280277E-003
  0.262386E+001  0.343450E+001  0.600000E+001  0.279721E-003
  0.262815E+001  0.344013E+001  0.600000E+001  0.279170E-003
  0.263245E+001  0.344576E+001  0.600000E+001  0.278624E-003
  0.263674E+001  0.345139E+001  0.600000E+001  0.278082E-003
  0.264104E+001  0.345702E+001  0.600000E+001  0.277545E-003
  0.264534E+001  0.346265E+001  0.600000E+001  0.277013E-003
  0.264963E+001  0.346828E+001  0.600000E+001  0.276485E-003
  0.265393E+001  0.347391E+001  0.600000E+001  0.275960E-003
  0.265822E+001  0.347954E+001  0.600000E+001  0.275440E-003
  0.266252E+001  0.348517E+001  0.600000E+001  0.274923E-003
  0.266682E+001  0.349080E+001  0.600000E+001  0.274410E-003
  0.267111E+001  0.349643E+001  0.600000E+001  0.273901E-003
  0.267541E+001  0.350206E+001  0.600000E+001  0.273395E-003
  0.267970E+001  0.350769E+001  0.500000E+001  0.272892E-003
  0.268400E+001  0.351332E+001  0.500000E+001  0.272393E-003
