  0.000000E+000  0.000000E+000  0.000000E+000  0.000000E+000
  0.225440E+001  0.343473E+001  0.500000E+001  0.966106E-003
  0.225870E+001  0.336405E+001  0.600000E+001  0.656306E-003
  0.226299E+001  0.336960E+001  0.600000E+001  0.653612E-003
  0.226729E+001  0.337515E+001  0.600000E+001  0.651034E-003
  0.227158E+001  0.338070E+001  0.600000E+001  0.648560E-003
  0.227588E+001  0.338625E+001  0.600000E+001  0.646178E-003
  0.228018E+001  0.339179E+001  0.600000E+001  0.643880E-003
  0.228447E+001  0.339733E+001  0.600000E+001  0.641657E-003
  0.228877E+001  0.340288E+001  0.600000E+001  0.639501E-003
  0.229306E+001  0.340842E+001  0.600000E+001  0.637408E-003
  0.229736E+001  0.341396E+001  0.600000E+001  0.635371E-003
  0.230166E+001  0.341950E+001  0.600000E+001  0.633386E-003
  0.230595E+001  0.342504E+001  0.600000E+001  0.631449E-003
  0.231025E+001  0.343058E+001  0.600000E+001  0.629556E-003
  0.231454E+001  0.343611E+001  0.600000E+001  0.627703E-003
  0.231884E+001  0.344165E+001  0.600000E+001  0.625889E-003
  0.232314E+001  0.344718E+001  0.600000E+001  0.624109E-003
  0.232743E+001  0.345271E+001  0.600000E+001  0.622363E-003
  0.233173E+001  0.345825E+001  0.600000E+001  0.620647E-003
  0.233602E+001  0.346378E+001  0.600000E+001  0.618959E-003
  0.234032E+001  0.346931E+001  0.600000E+001  0.617299E-003
  0.234462E+001  0.347483E+001  0.600000E+001  0.615665E-003
  0.234891E+001  0.348036E+001  0.600000E+001  0.614054E-003
  0.235321E+001  0.348589E+001  0.600000E+001  0.612467E-003
  0.235750E+001  0.349141E+001  0.600000E+001  0.610901E-003
  0.236180E+001  0.349694E+001  0.600000E+001  0.609355E-003
  0.236610E+001  0.350246E+001  0.600000E+001  0.607829E-003
  0.237039E+001  0.350799E+001  0.600000E+001  0.606322E-003
  0.237469E+001  0.351351E+001  0.600000E+001  0.604832E-003
  0.237898E+001  0.351903E+001  0.600000E+001  0.603359E-003
  0.238328E+001  0.352455E+001  0.600000E+001  0.601903E-003
  0.238758E+001  0.370272E+001  0.500000E+001  0.881197E-003
  0.239187E+001  0.353558E+001  0.600000E+001  0.599036E-003
  0.239617E+001  0.354110E+001  0.600000E+001  0.597624E-003
  0.240046E+001  0.354662E+001  0.600000E+001  0.596226E-003
  0.240476E+001  0.355213E+001  0.600000E+001  0.594841E-003
  0.240906E+001  0.355765E+001  0.600000E+001  0.593469E-003
  0.241335E+001  0.356316E+001  0.600000E+001  0.592110E-003
  0.241765E+001  0.356867E+001  0.600000E+001  0.590762E-003
  0.242194E+001  0.357418E+001  0.600000E+001  0.589426E-003
  0.242624E+001  0.357969E+001  0.600000E+001  0.588101E-003
  0.243054E+001  0.358520E+001  0.600000E+001  0.586787E-003
  0.243483E+001  0.359071E+001  0.600000E+001  0.585483E-003
  0.243913E+001  0.359622E+001  0.600000E+001  0.584189E-003
  0.244342E+001  0.360173E+001  0.600000E+001  0.582906E-003
  0.244772E+001  0.360724E+001  0.600000E+001  0.581632E-003
  0.245202E+001  0.361274E+001  0.600000E+001  0.580367E-003
  0.245631E+001  0.361825E+001  0.600000E+001  0.579112E-003
  0.246061E+001  0.362375E+001  0.600000E+001  0.577865E-003
  0.246490E+001  0.362925E+001  0.600000E+001  0.576628E-003
  0.246920E+001  0.363476E+001  0.600000E+001  0.575398E-003
  0.247350E+001  0.364026E+001  0.600000E+001  0.574177E-003
  0.247779E+001  0.364576E+001  0.600000E+001  0.572964E-003
  0.248209E+001  0.365126E+001  0.600000E+001  0.571759E-003
  0.248638E+001  0.365676E+001  0.600000E+001  0.570561E-003
  0.249068E+001  0.366225E+001  0.600000E+001  0.569371E-003
  0.249498E+001  0.366775E+001  0.600000E+001  0.568188E-003
  0.249927E+001  0.367325E+001  0.600000E+001  0.567013E-003
  0.250357E+001  0.367875E+001  0.600000E+001  0.565844E-003
  0.250786E+001  0.368424E+001  0.600000E+001  0.564683E-003
  0.251216E+001  0.368974E+001  0.600000E+001  0.563528E-003
  0.251646E+001  0.369523E+001  0.600000E+001  0.562380E-003
  0.252075E+001  0.370072E+001  0.600000E+001  0.561239E-003
  0.252505E+001  0.370621E+001  0.600000E+001  0.560104E-003
  0.252934E+001  0.371171E+001  0.600000E+001  0.558975E-003
  0.253364E+001  0.371720E+001  0.600000E+001  0.557853E-003
  0.253794E+001  0.372269E+001  0.600000E+001  0.556737E-003
  0.254223E+001  0.372818E+001  0.600000E+001  0.555626E-003
  0.254653E+001  0.373367E+001  0.600000E+001  0.554522E-003
  0.255082E+001  0.373915E+001  0.600000E+001  0.553423E-003
  0.255512E+001  0.374464E+001  0.600000E+001  0.552330E-003
  0.255942E+001  0.375013E+001  0.600000E+001  0.551243E-003
  0.256371E+001  0.375562E+001  0.600000E+001  0.550161E-003
  0.256801E+001  0.376110E+001  0.600000E+001  0.549084E-003
  0.257230E+001  0.376659E+001  0.600000E+001  0.548013E-003
  0.257660E+001  0.377207E+001  0.600000E+001  0.546947E-003
  0.258090E+001  0.377755E+001  0.600000E+001  0.545887E-003
  0.258519E+001  0.378304E+001  0.600000E+001  0.544831E-003
  0.258949E+001  0.378852E+001  0.600000E+001  0.543781E-003
  0.259378E+001  0.379400E+001  0.600000E+001  0.542735E-003
  0.259808E+001  0.379948E+001  0.600000E+001  0.541695E-003
  0.260238E+001  0.380496E+001  0.600000E+001  0.540659E-003
  0.260667E+001  0.381044E+001  0.600000E+001  0.539628E-003
  0.261097E+001  0.381592E+001  0.600000E+001  0.538602E-003
  0.261526E+001  0.382140E+001  0.600000E+001  0.537580E-003
  0.261956E+001  0.382688E+001  0.600000E+001  0.536563E-003
  0.262386E+001  0.383236E+001  0.600000E+001  0.535551E-003
  0.262815E+001  0.383783E+001  0.600000E+001  0.534543E-003
  0.263245E+001  0.384331E+001  0.600000E+001  0.533539E-003
  0.263674E+001  0.384879E+001  0.600000E+001  0.532540E-003
  0.264104E+001  0.385426E+001  0.600000E+001  0.531545E-003
  0.264534E+001  0.385974E+001  0.600000E+001  0.530554E-003
  0.264963E+001  0.386521E+001  0.600000E+001  0.529567E-003
  0.265393E+001  0.387068E+001  0.600000E+001  0.528584E-003
  0.265822E+001  0.387616E+001  0.600000E+001  0.527606E-003
  0.266252E+001  0.388163E+001  0.600000E+001  0.526631E-003
  0.266682E+001  0.388710E+001  0.600000E+001  0.525661E-003
  0.267111E+001  0.389257E+001  0.600000E+001  0.524694E-003
  0.267541E+001  0.389804E+001  0.600000E+001  0.523730E-003
  0.267970E+001  0.390351E+001  0.500000E+001  0.522771E-003
  0.268400E+001  0.390898E+001  0.500000E+001  0.521814E-003
