  0.000000E+000  0.000000E+000  0.000000E+000  0.000000E+000
  0.225870E+001  0.361745E+001  0.600000E+001  0.749297E-003
  0.226299E+001  0.362416E+001  0.600000E+001  0.747166E-003
  0.226729E+001  0.363086E+001  0.600000E+001  0.745048E-003
  0.227158E+001  0.363755E+001  0.600000E+001  0.742941E-003
  0.227588E+001  0.364424E+001  0.600000E+001  0.740846E-003
  0.228018E+001  0.365093E+001  0.600000E+001  0.738762E-003
  0.228447E+001  0.365760E+001  0.600000E+001  0.736690E-003
  0.228877E+001  0.366428E+001  0.600000E+001  0.734629E-003
  0.229306E+001  0.367094E+001  0.600000E+001  0.732580E-003
  0.229736E+001  0.367760E+001  0.600000E+001  0.730542E-003
  0.230166E+001  0.368425E+001  0.600000E+001  0.728514E-003
  0.230595E+001  0.369090E+001  0.600000E+001  0.726498E-003
  0.231025E+001  0.369754E+001  0.600000E+001  0.724493E-003
  0.231454E+001  0.370418E+001  0.600000E+001  0.722498E-003
  0.231884E+001  0.371081E+001  0.600000E+001  0.720515E-003
  0.232314E+001  0.371744E+001  0.600000E+001  0.718541E-003
  0.232743E+001  0.372406E+001  0.600000E+001  0.716579E-003
  0.233173E+001  0.373067E+001  0.600000E+001  0.714627E-003
  0.233602E+001  0.373728E+001  0.600000E+001  0.712685E-003
  0.234032E+001  0.374388E+001  0.600000E+001  0.710753E-003
  0.234462E+001  0.375048E+001  0.600000E+001  0.708832E-003
  0.234891E+001  0.375707E+001  0.600000E+001  0.706921E-003
  0.235321E+001  0.376366E+001  0.600000E+001  0.705020E-003
  0.235750E+001  0.377024E+001  0.600000E+001  0.703128E-003
  0.236180E+001  0.377682E+001  0.600000E+001  0.701247E-003
  0.236610E+001  0.378339E+001  0.600000E+001  0.699375E-003
  0.237039E+001  0.378995E+001  0.600000E+001  0.697513E-003
  0.237469E+001  0.379651E+001  0.600000E+001  0.695661E-003
  0.237898E+001  0.380307E+001  0.600000E+001  0.693818E-003
  0.238328E+001  0.380962E+001  0.600000E+001  0.691985E-003
  0.239187E+001  0.382270E+001  0.600000E+001  0.688346E-003
  0.239617E+001  0.382923E+001  0.600000E+001  0.686541E-003
  0.240046E+001  0.383576E+001  0.600000E+001  0.684744E-003
  0.240476E+001  0.384228E+001  0.600000E+001  0.682957E-003
  0.240906E+001  0.384880E+001  0.600000E+001  0.681179E-003
  0.241335E+001  0.385532E+001  0.600000E+001  0.679410E-003
  0.241765E+001  0.386183E+001  0.600000E+001  0.677649E-003
  0.242194E+001  0.386833E+001  0.600000E+001  0.675898E-003
  0.242624E+001  0.387483E+001  0.600000E+001  0.674155E-003
  0.243054E+001  0.388132E+001  0.600000E+001  0.672420E-003
  0.243483E+001  0.388781E+001  0.600000E+001  0.670695E-003
  0.243913E+001  0.389430E+001  0.600000E+001  0.668977E-003
  0.244342E+001  0.390077E+001  0.600000E+001  0.667269E-003
  0.244772E+001  0.390725E+001  0.600000E+001  0.665568E-003
  0.245202E+001  0.391372E+001  0.600000E+001  0.663876E-003
  0.245631E+001  0.392018E+001  0.600000E+001  0.662192E-003
  0.246061E+001  0.392664E+001  0.600000E+001  0.660516E-003
  0.246490E+001  0.393310E+001  0.600000E+001  0.658849E-003
  0.246920E+001  0.393955E+001  0.600000E+001  0.657189E-003
  0.247350E+001  0.394600E+001  0.600000E+001  0.655537E-003
  0.247779E+001  0.395244E+001  0.600000E+001  0.653893E-003
  0.248209E+001  0.395888E+001  0.600000E+001  0.652257E-003
  0.248638E+001  0.396531E+001  0.600000E+001  0.650629E-003
  0.249068E+001  0.397174E+001  0.600000E+001  0.649009E-003
  0.249498E+001  0.397816E+001  0.600000E+001  0.647396E-003
  0.249927E+001  0.398458E+001  0.600000E+001  0.645790E-003
  0.250357E+001  0.399099E+001  0.600000E+001  0.644193E-003
  0.250786E+001  0.399740E+001  0.600000E+001  0.642602E-003
  0.251216E+001  0.400381E+001  0.600000E+001  0.641019E-003
  0.251646E+001  0.401021E+001  0.600000E+001  0.639444E-003
  0.252075E+001  0.401660E+001  0.600000E+001  0.637875E-003
  0.252505E+001  0.402300E+001  0.600000E+001  0.636314E-003
  0.252934E+001  0.402938E+001  0.600000E+001  0.634760E-003
  0.253364E+001  0.403577E+001  0.600000E+001  0.633213E-003
  0.253794E+001  0.404215E+001  0.600000E+001  0.631673E-003
  0.254223E+001  0.404852E+001  0.600000E+001  0.630140E-003
  0.254653E+001  0.405489E+001  0.600000E+001  0.628614E-003
  0.255082E+001  0.406126E+001  0.600000E+001  0.627095E-003
  0.255512E+001  0.406762E+001  0.600000E+001  0.625582E-003
  0.255942E+001  0.407398E+001  0.600000E+001  0.624076E-003
  0.256371E+001  0.408033E+001  0.600000E+001  0.622577E-003
  0.256801E+001  0.408668E+001  0.600000E+001  0.621085E-003
  0.257230E+001  0.409303E+001  0.600000E+001  0.619599E-003
  0.257660E+001  0.409937E+001  0.600000E+001  0.618119E-003
  0.258090E+001  0.410571E+001  0.600000E+001  0.616646E-003
  0.258519E+001  0.411204E+001  0.600000E+001  0.615179E-003
  0.258949E+001  0.411837E+001  0.600000E+001  0.613719E-003
  0.259378E+001  0.412470E+001  0.600000E+001  0.612265E-003
  0.259808E+001  0.413102E+001  0.600000E+001  0.610816E-003
  0.260238E+001  0.413734E+001  0.600000E+001  0.609374E-003
  0.260667E+001  0.414365E+001  0.600000E+001  0.607938E-003
  0.261097E+001  0.414996E+001  0.600000E+001  0.606508E-003
  0.261526E+001  0.415626E+001  0.600000E+001  0.605083E-003
  0.261956E+001  0.416257E+001  0.600000E+001  0.603665E-003
  0.262386E+001  0.416886E+001  0.600000E+001  0.602251E-003
  0.262815E+001  0.417516E+001  0.600000E+001  0.600843E-003
  0.263245E+001  0.418145E+001  0.600000E+001  0.599440E-003
  0.263674E+001  0.418773E+001  0.600000E+001  0.598042E-003
  0.264104E+001  0.419402E+001  0.600000E+001  0.596647E-003
  0.264534E+001  0.420029E+001  0.600000E+001  0.595256E-003
  0.264963E+001  0.420657E+001  0.600000E+001  0.593868E-003
  0.265393E+001  0.421284E+001  0.600000E+001  0.592479E-003
  0.265822E+001  0.421911E+001  0.600000E+001  0.591086E-003
  0.266252E+001  0.422537E+001  0.600000E+001  0.589679E-003
  0.266682E+001  0.423163E+001  0.600000E+001  0.588236E-003
  0.267111E+001  0.423789E+001  0.600000E+001  0.586690E-003
  0.267541E+001  0.424414E+001  0.600000E+001  0.584739E-003
