  0.000000E+000  0.000000E+000  0.000000E+000  0.000000E+000
  0.179300E+001  0.284412E+001  0.300000E+001  0.108247E-002
  0.179311E+001  0.284431E+001  0.300000E+001  0.108236E-002
  0.179321E+001  0.284450E+001  0.300000E+001  0.108225E-002
  0.179332E+001  0.284469E+001  0.300000E+001  0.108214E-002
  0.179342E+001  0.284488E+001  0.300000E+001  0.108203E-002
  0.179353E+001  0.284507E+001  0.300000E+001  0.108193E-002
  0.179364E+001  0.284526E+001  0.300000E+001  0.108182E-002
  0.179374E+001  0.284545E+001  0.300000E+001  0.108171E-002
  0.179385E+001  0.284564E+001  0.300000E+001  0.108160E-002
  0.179395E+001  0.284583E+001  0.300000E+001  0.108149E-002
  0.179406E+001  0.284602E+001  0.300000E+001  0.108138E-002
  0.179417E+001  0.275454E+001  0.400000E+001  0.807239E-003
  0.179427E+001  0.275468E+001  0.400000E+001  0.807178E-003
  0.179438E+001  0.275483E+001  0.400000E+001  0.807118E-003
  0.179448E+001  0.275497E+001  0.400000E+001  0.807057E-003
  0.179459E+001  0.284696E+001  0.300000E+001  0.108084E-002
  0.179470E+001  0.275525E+001  0.400000E+001  0.806935E-003
  0.179480E+001  0.275539E+001  0.400000E+001  0.806875E-003
  0.179491E+001  0.275554E+001  0.400000E+001  0.806814E-003
  0.179501E+001  0.275568E+001  0.400000E+001  0.806753E-003
  0.179512E+001  0.275582E+001  0.400000E+001  0.806693E-003
  0.179523E+001  0.275596E+001  0.400000E+001  0.806632E-003
  0.179533E+001  0.275610E+001  0.400000E+001  0.806571E-003
  0.179544E+001  0.275625E+001  0.400000E+001  0.806511E-003
  0.179554E+001  0.275639E+001  0.400000E+001  0.806450E-003
  0.179565E+001  0.275653E+001  0.400000E+001  0.806389E-003
  0.179576E+001  0.275667E+001  0.400000E+001  0.806329E-003
  0.179586E+001  0.275681E+001  0.400000E+001  0.806268E-003
  0.179597E+001  0.275696E+001  0.400000E+001  0.806207E-003
  0.179607E+001  0.275710E+001  0.400000E+001  0.806147E-003
  0.179618E+001  0.275724E+001  0.400000E+001  0.806086E-003
  0.179629E+001  0.275738E+001  0.400000E+001  0.806026E-003
  0.179639E+001  0.275752E+001  0.400000E+001  0.805965E-003
  0.179650E+001  0.275767E+001  0.400000E+001  0.805904E-003
  0.179660E+001  0.275781E+001  0.400000E+001  0.805844E-003
  0.179671E+001  0.275795E+001  0.400000E+001  0.805783E-003
  0.179682E+001  0.275809E+001  0.400000E+001  0.805723E-003
  0.179692E+001  0.275823E+001  0.400000E+001  0.805662E-003
  0.179703E+001  0.275838E+001  0.400000E+001  0.805602E-003
  0.179713E+001  0.275852E+001  0.400000E+001  0.805541E-003
  0.179724E+001  0.275866E+001  0.400000E+001  0.805480E-003
  0.179735E+001  0.275880E+001  0.400000E+001  0.805420E-003
  0.179745E+001  0.275894E+001  0.400000E+001  0.805359E-003
  0.179756E+001  0.275909E+001  0.400000E+001  0.805299E-003
  0.179766E+001  0.275923E+001  0.400000E+001  0.805238E-003
  0.179777E+001  0.275937E+001  0.400000E+001  0.805178E-003
  0.179788E+001  0.275951E+001  0.400000E+001  0.805117E-003
  0.179798E+001  0.275965E+001  0.400000E+001  0.805057E-003
  0.179809E+001  0.275979E+001  0.400000E+001  0.804996E-003
  0.179819E+001  0.275994E+001  0.400000E+001  0.804936E-003
  0.179830E+001  0.276008E+001  0.400000E+001  0.804875E-003
  0.179841E+001  0.276022E+001  0.400000E+001  0.804815E-003
  0.179851E+001  0.276036E+001  0.400000E+001  0.804755E-003
  0.179862E+001  0.276050E+001  0.400000E+001  0.804694E-003
  0.179872E+001  0.276065E+001  0.400000E+001  0.804634E-003
  0.179883E+001  0.276079E+001  0.400000E+001  0.804573E-003
  0.179894E+001  0.276093E+001  0.400000E+001  0.804513E-003
  0.179904E+001  0.276107E+001  0.400000E+001  0.804452E-003
  0.179915E+001  0.276121E+001  0.400000E+001  0.804392E-003
  0.179925E+001  0.276136E+001  0.400000E+001  0.804332E-003
  0.179936E+001  0.276150E+001  0.400000E+001  0.804271E-003
  0.179947E+001  0.276164E+001  0.400000E+001  0.804211E-003
  0.179957E+001  0.276178E+001  0.400000E+001  0.804150E-003
  0.179968E+001  0.276192E+001  0.400000E+001  0.804090E-003
  0.179978E+001  0.276207E+001  0.400000E+001  0.804030E-003
  0.179989E+001  0.276221E+001  0.400000E+001  0.803969E-003
  0.180000E+001  0.276235E+001  0.400000E+001  0.803909E-003
  0.180010E+001  0.276249E+001  0.400000E+001  0.803849E-003
  0.180021E+001  0.276263E+001  0.400000E+001  0.803788E-003
  0.180031E+001  0.276277E+001  0.400000E+001  0.803728E-003
  0.180042E+001  0.276292E+001  0.400000E+001  0.803668E-003
  0.180053E+001  0.276306E+001  0.400000E+001  0.803607E-003
  0.180063E+001  0.276320E+001  0.400000E+001  0.803547E-003
  0.180074E+001  0.276334E+001  0.400000E+001  0.803487E-003
  0.180084E+001  0.276348E+001  0.400000E+001  0.803427E-003
  0.180095E+001  0.276363E+001  0.400000E+001  0.803366E-003
  0.180106E+001  0.276377E+001  0.400000E+001  0.803306E-003
  0.180116E+001  0.276391E+001  0.400000E+001  0.803246E-003
  0.180127E+001  0.276405E+001  0.400000E+001  0.803185E-003
  0.180137E+001  0.276419E+001  0.400000E+001  0.803125E-003
  0.180148E+001  0.276433E+001  0.400000E+001  0.803065E-003
  0.180159E+001  0.276448E+001  0.400000E+001  0.803005E-003
  0.180169E+001  0.276462E+001  0.400000E+001  0.802944E-003
  0.180180E+001  0.276476E+001  0.400000E+001  0.802884E-003
  0.180190E+001  0.276490E+001  0.400000E+001  0.802824E-003
  0.180201E+001  0.276504E+001  0.400000E+001  0.802764E-003
  0.180212E+001  0.276519E+001  0.400000E+001  0.802704E-003
  0.180222E+001  0.276533E+001  0.400000E+001  0.802643E-003
  0.180233E+001  0.276547E+001  0.400000E+001  0.802583E-003
  0.180243E+001  0.276561E+001  0.400000E+001  0.802523E-003
  0.180254E+001  0.276575E+001  0.400000E+001  0.802463E-003
  0.180265E+001  0.276590E+001  0.400000E+001  0.802403E-003
  0.180275E+001  0.276604E+001  0.400000E+001  0.802342E-003
  0.180286E+001  0.276618E+001  0.400000E+001  0.802282E-003
  0.180296E+001  0.276632E+001  0.400000E+001  0.802222E-003
  0.180307E+001  0.276646E+001  0.400000E+001  0.802162E-003
  0.180318E+001  0.276660E+001  0.400000E+001  0.802102E-003
  0.180328E+001  0.276675E+001  0.400000E+001  0.802042E-003
  0.180339E+001  0.276689E+001  0.400000E+001  0.801982E-003
  0.180349E+001  0.237491E+001  0.500000E+001  0.167826E-002
  0.180360E+001  0.235952E+001  0.600000E+001  0.399146E-003
