  0.000000E+000  0.000000E+000  0.000000E+000  0.000000E+000
  0.179300E+001  0.234582E+001  0.300000E+001  0.155351E-002
  0.179311E+001  0.234577E+001  0.300000E+001  0.247587E-003
  0.179321E+001  0.234641E+001  0.300000E+001  0.168822E-002
  0.179332E+001  0.234671E+001  0.300000E+001  0.169499E-002
  0.179342E+001  0.234700E+001  0.300000E+001  0.169803E-002
  0.179353E+001  0.234730E+001  0.300000E+001  0.169958E-002
  0.179364E+001  0.234759E+001  0.300000E+001  0.170041E-002
  0.179374E+001  0.234789E+001  0.300000E+001  0.170087E-002
  0.179385E+001  0.234818E+001  0.300000E+001  0.170109E-002
  0.179395E+001  0.234848E+001  0.300000E+001  0.170118E-002
  0.179406E+001  0.234877E+001  0.300000E+001  0.170117E-002
  0.179417E+001  0.234716E+001  0.400000E+001  0.396719E-003
  0.179427E+001  0.234730E+001  0.400000E+001  0.397377E-003
  0.179438E+001  0.234744E+001  0.400000E+001  0.397896E-003
  0.179448E+001  0.234758E+001  0.400000E+001  0.398311E-003
  0.179459E+001  0.235025E+001  0.300000E+001  0.170047E-002
  0.179470E+001  0.234785E+001  0.400000E+001  0.398922E-003
  0.179480E+001  0.234799E+001  0.400000E+001  0.399149E-003
  0.179491E+001  0.234813E+001  0.400000E+001  0.399337E-003
  0.179501E+001  0.234827E+001  0.400000E+001  0.399495E-003
  0.179512E+001  0.234841E+001  0.400000E+001  0.399627E-003
  0.179523E+001  0.234855E+001  0.400000E+001  0.399739E-003
  0.179533E+001  0.234869E+001  0.400000E+001  0.399834E-003
  0.179544E+001  0.234883E+001  0.400000E+001  0.399914E-003
  0.179554E+001  0.234897E+001  0.400000E+001  0.399982E-003
  0.179565E+001  0.234910E+001  0.400000E+001  0.400039E-003
  0.179576E+001  0.234924E+001  0.400000E+001  0.400088E-003
  0.179586E+001  0.234938E+001  0.400000E+001  0.400129E-003
  0.179597E+001  0.234952E+001  0.400000E+001  0.400163E-003
  0.179607E+001  0.234966E+001  0.400000E+001  0.400191E-003
  0.179618E+001  0.234980E+001  0.400000E+001  0.400215E-003
  0.179629E+001  0.234994E+001  0.400000E+001  0.400234E-003
  0.179639E+001  0.235008E+001  0.400000E+001  0.400249E-003
  0.179650E+001  0.235022E+001  0.400000E+001  0.400261E-003
  0.179660E+001  0.235035E+001  0.400000E+001  0.400270E-003
  0.179671E+001  0.235049E+001  0.400000E+001  0.400276E-003
  0.179682E+001  0.235063E+001  0.400000E+001  0.400279E-003
  0.179692E+001  0.235077E+001  0.400000E+001  0.400281E-003
  0.179703E+001  0.235091E+001  0.400000E+001  0.400280E-003
  0.179713E+001  0.235105E+001  0.400000E+001  0.400278E-003
  0.179724E+001  0.235119E+001  0.400000E+001  0.400274E-003
  0.179735E+001  0.235133E+001  0.400000E+001  0.400269E-003
  0.179745E+001  0.235147E+001  0.400000E+001  0.400262E-003
  0.179756E+001  0.235160E+001  0.400000E+001  0.400254E-003
  0.179766E+001  0.235174E+001  0.400000E+001  0.400245E-003
  0.179777E+001  0.235188E+001  0.400000E+001  0.400235E-003
  0.179788E+001  0.235202E+001  0.400000E+001  0.400224E-003
  0.179798E+001  0.235216E+001  0.400000E+001  0.400212E-003
  0.179809E+001  0.235230E+001  0.400000E+001  0.400200E-003
  0.179819E+001  0.235244E+001  0.400000E+001  0.400187E-003
  0.179830E+001  0.235258E+001  0.400000E+001  0.400173E-003
  0.179841E+001  0.235272E+001  0.400000E+001  0.400158E-003
  0.179851E+001  0.235286E+001  0.400000E+001  0.400143E-003
  0.179862E+001  0.235299E+001  0.400000E+001  0.400128E-003
  0.179872E+001  0.235313E+001  0.400000E+001  0.400112E-003
  0.179883E+001  0.235327E+001  0.400000E+001  0.400095E-003
  0.179894E+001  0.235341E+001  0.400000E+001  0.400078E-003
  0.179904E+001  0.235355E+001  0.400000E+001  0.400061E-003
  0.179915E+001  0.235369E+001  0.400000E+001  0.400043E-003
  0.179925E+001  0.235383E+001  0.400000E+001  0.400025E-003
  0.179936E+001  0.235397E+001  0.400000E+001  0.400007E-003
  0.179947E+001  0.235411E+001  0.400000E+001  0.399988E-003
  0.179957E+001  0.235424E+001  0.400000E+001  0.399970E-003
  0.179968E+001  0.235438E+001  0.400000E+001  0.399950E-003
  0.179978E+001  0.235452E+001  0.400000E+001  0.399931E-003
  0.179989E+001  0.235466E+001  0.400000E+001  0.399911E-003
  0.180000E+001  0.235480E+001  0.400000E+001  0.399892E-003
  0.180010E+001  0.235494E+001  0.400000E+001  0.399872E-003
  0.180021E+001  0.235508E+001  0.400000E+001  0.399851E-003
  0.180031E+001  0.235522E+001  0.400000E+001  0.399831E-003
  0.180042E+001  0.235536E+001  0.400000E+001  0.399810E-003
  0.180053E+001  0.235549E+001  0.400000E+001  0.399790E-003
  0.180063E+001  0.235563E+001  0.400000E+001  0.399769E-003
  0.180074E+001  0.235577E+001  0.400000E+001  0.399748E-003
  0.180084E+001  0.235591E+001  0.400000E+001  0.399727E-003
  0.180095E+001  0.235605E+001  0.400000E+001  0.399705E-003
  0.180106E+001  0.235619E+001  0.400000E+001  0.399684E-003
  0.180116E+001  0.235633E+001  0.400000E+001  0.399662E-003
  0.180127E+001  0.235647E+001  0.400000E+001  0.399641E-003
  0.180137E+001  0.235661E+001  0.400000E+001  0.399619E-003
  0.180148E+001  0.235674E+001  0.400000E+001  0.399597E-003
  0.180159E+001  0.235688E+001  0.400000E+001  0.399575E-003
  0.180169E+001  0.235702E+001  0.400000E+001  0.399553E-003
  0.180180E+001  0.235716E+001  0.400000E+001  0.399531E-003
  0.180190E+001  0.235730E+001  0.400000E+001  0.399509E-003
  0.180201E+001  0.235744E+001  0.400000E+001  0.399487E-003
  0.180212E+001  0.235758E+001  0.400000E+001  0.399464E-003
  0.180222E+001  0.235772E+001  0.400000E+001  0.399442E-003
  0.180233E+001  0.235786E+001  0.400000E+001  0.399420E-003
  0.180243E+001  0.235800E+001  0.400000E+001  0.399397E-003
  0.180254E+001  0.235813E+001  0.400000E+001  0.399374E-003
  0.180265E+001  0.235827E+001  0.400000E+001  0.399352E-003
  0.180275E+001  0.235841E+001  0.400000E+001  0.399329E-003
  0.180286E+001  0.235855E+001  0.400000E+001  0.399306E-003
  0.180296E+001  0.235869E+001  0.400000E+001  0.399283E-003
  0.180307E+001  0.235883E+001  0.400000E+001  0.399261E-003
  0.180318E+001  0.235897E+001  0.400000E+001  0.399238E-003
  0.180328E+001  0.235911E+001  0.400000E+001  0.399215E-003
  0.180339E+001  0.235925E+001  0.400000E+001  0.399192E-003
  0.180349E+001  0.107863E-001  0.500000E+001  0.265637E-003
  0.180360E+001  0.110744E-001  0.600000E+001  0.106595E-001
