  0.000000E+000  0.000000E+000  0.000000E+000  0.000000E+000
  0.179417E+001  0.284621E+001  0.400000E+001  0.108127E-002
  0.179427E+001  0.284640E+001  0.400000E+001  0.108116E-002
  0.179438E+001  0.284658E+001  0.400000E+001  0.108105E-002
  0.179448E+001  0.284677E+001  0.400000E+001  0.108095E-002
  0.179470E+001  0.284715E+001  0.400000E+001  0.108073E-002
  0.179480E+001  0.284734E+001  0.400000E+001  0.108062E-002
  0.179491E+001  0.284753E+001  0.400000E+001  0.108051E-002
  0.179501E+001  0.284772E+001  0.400000E+001  0.108040E-002
  0.179512E+001  0.284791E+001  0.400000E+001  0.108029E-002
  0.179523E+001  0.284810E+001  0.400000E+001  0.108018E-002
  0.179533E+001  0.284829E+001  0.400000E+001  0.108008E-002
  0.179544E+001  0.284848E+001  0.400000E+001  0.107997E-002
  0.179554E+001  0.284867E+001  0.400000E+001  0.107986E-002
  0.179565E+001  0.284886E+001  0.400000E+001  0.107975E-002
  0.179576E+001  0.284904E+001  0.400000E+001  0.107964E-002
  0.179586E+001  0.284923E+001  0.400000E+001  0.107953E-002
  0.179597E+001  0.284942E+001  0.400000E+001  0.107942E-002
  0.179607E+001  0.284961E+001  0.400000E+001  0.107932E-002
  0.179618E+001  0.284980E+001  0.400000E+001  0.107921E-002
  0.179629E+001  0.284999E+001  0.400000E+001  0.107910E-002
  0.179639E+001  0.285018E+001  0.400000E+001  0.107899E-002
  0.179650E+001  0.285037E+001  0.400000E+001  0.107888E-002
  0.179660E+001  0.285056E+001  0.400000E+001  0.107877E-002
  0.179671E+001  0.285075E+001  0.400000E+001  0.107866E-002
  0.179682E+001  0.285094E+001  0.400000E+001  0.107856E-002
  0.179692E+001  0.285113E+001  0.400000E+001  0.107845E-002
  0.179703E+001  0.285131E+001  0.400000E+001  0.107834E-002
  0.179713E+001  0.285150E+001  0.400000E+001  0.107823E-002
  0.179724E+001  0.285169E+001  0.400000E+001  0.107812E-002
  0.179735E+001  0.285188E+001  0.400000E+001  0.107802E-002
  0.179745E+001  0.285207E+001  0.400000E+001  0.107791E-002
  0.179756E+001  0.285226E+001  0.400000E+001  0.107780E-002
  0.179766E+001  0.285245E+001  0.400000E+001  0.107769E-002
  0.179777E+001  0.285264E+001  0.400000E+001  0.107758E-002
  0.179788E+001  0.285283E+001  0.400000E+001  0.107747E-002
  0.179798E+001  0.285302E+001  0.400000E+001  0.107737E-002
  0.179809E+001  0.285321E+001  0.400000E+001  0.107726E-002
  0.179819E+001  0.285339E+001  0.400000E+001  0.107715E-002
  0.179830E+001  0.285358E+001  0.400000E+001  0.107704E-002
  0.179841E+001  0.285377E+001  0.400000E+001  0.107693E-002
  0.179851E+001  0.285396E+001  0.400000E+001  0.107683E-002
  0.179862E+001  0.285415E+001  0.400000E+001  0.107672E-002
  0.179872E+001  0.285434E+001  0.400000E+001  0.107661E-002
  0.179883E+001  0.285453E+001  0.400000E+001  0.107650E-002
  0.179894E+001  0.285472E+001  0.400000E+001  0.107639E-002
  0.179904E+001  0.285491E+001  0.400000E+001  0.107629E-002
  0.179915E+001  0.285510E+001  0.400000E+001  0.107618E-002
  0.179925E+001  0.285528E+001  0.400000E+001  0.107607E-002
  0.179936E+001  0.285547E+001  0.400000E+001  0.107596E-002
  0.179947E+001  0.285566E+001  0.400000E+001  0.107585E-002
  0.179957E+001  0.285585E+001  0.400000E+001  0.107575E-002
  0.179968E+001  0.285604E+001  0.400000E+001  0.107564E-002
  0.179978E+001  0.285623E+001  0.400000E+001  0.107553E-002
  0.179989E+001  0.285642E+001  0.400000E+001  0.107542E-002
  0.180000E+001  0.285661E+001  0.400000E+001  0.107532E-002
  0.180010E+001  0.285680E+001  0.400000E+001  0.107521E-002
  0.180021E+001  0.285698E+001  0.400000E+001  0.107510E-002
  0.180031E+001  0.285717E+001  0.400000E+001  0.107499E-002
  0.180042E+001  0.285736E+001  0.400000E+001  0.107488E-002
  0.180053E+001  0.285755E+001  0.400000E+001  0.107478E-002
  0.180063E+001  0.285774E+001  0.400000E+001  0.107467E-002
  0.180074E+001  0.285793E+001  0.400000E+001  0.107456E-002
  0.180084E+001  0.285812E+001  0.400000E+001  0.107445E-002
  0.180095E+001  0.285831E+001  0.400000E+001  0.107435E-002
  0.180106E+001  0.285850E+001  0.400000E+001  0.107424E-002
  0.180116E+001  0.285868E+001  0.400000E+001  0.107413E-002
  0.180127E+001  0.285887E+001  0.400000E+001  0.107402E-002
  0.180137E+001  0.285906E+001  0.400000E+001  0.107392E-002
  0.180148E+001  0.285925E+001  0.400000E+001  0.107381E-002
  0.180159E+001  0.285944E+001  0.400000E+001  0.107370E-002
  0.180169E+001  0.285963E+001  0.400000E+001  0.107359E-002
  0.180180E+001  0.285982E+001  0.400000E+001  0.107349E-002
  0.180190E+001  0.286001E+001  0.400000E+001  0.107338E-002
  0.180201E+001  0.286019E+001  0.400000E+001  0.107327E-002
  0.180212E+001  0.286038E+001  0.400000E+001  0.107317E-002
  0.180222E+001  0.286057E+001  0.400000E+001  0.107306E-002
  0.180233E+001  0.286076E+001  0.400000E+001  0.107295E-002
  0.180243E+001  0.286095E+001  0.400000E+001  0.107284E-002
  0.180254E+001  0.286114E+001  0.400000E+001  0.107274E-002
  0.180265E+001  0.286133E+001  0.400000E+001  0.107263E-002
  0.180275E+001  0.286152E+001  0.400000E+001  0.107252E-002
  0.180286E+001  0.286170E+001  0.400000E+001  0.107242E-002
  0.180296E+001  0.286189E+001  0.400000E+001  0.107231E-002
  0.180307E+001  0.286208E+001  0.400000E+001  0.107220E-002
  0.180318E+001  0.286227E+001  0.400000E+001  0.107209E-002
  0.180328E+001  0.286246E+001  0.400000E+001  0.107199E-002
  0.180339E+001  0.286265E+001  0.400000E+001  0.107188E-002
  0.180349E+001  0.276703E+001  0.500000E+001  0.801922E-003
  0.180360E+001  0.237520E+001  0.600000E+001  0.167799E-002
