  0.000000E+000  0.000000E+000  0.000000E+000  0.000000E+000
  0.179300E+001  0.275298E+001  0.300000E+001  0.807908E-003
  0.179311E+001  0.275312E+001  0.300000E+001  0.807847E-003
  0.179321E+001  0.275327E+001  0.300000E+001  0.807786E-003
  0.179332E+001  0.275341E+001  0.300000E+001  0.807725E-003
  0.179342E+001  0.275355E+001  0.300000E+001  0.807665E-003
  0.179353E+001  0.275369E+001  0.300000E+001  0.807604E-003
  0.179364E+001  0.275383E+001  0.300000E+001  0.807543E-003
  0.179374E+001  0.275398E+001  0.300000E+001  0.807482E-003
  0.179385E+001  0.275412E+001  0.300000E+001  0.807421E-003
  0.179395E+001  0.275426E+001  0.300000E+001  0.807361E-003
  0.179406E+001  0.275440E+001  0.300000E+001  0.807300E-003
  0.179417E+001  0.234907E+001  0.400000E+001  0.170110E-002
  0.179427E+001  0.234936E+001  0.400000E+001  0.170099E-002
  0.179438E+001  0.234966E+001  0.400000E+001  0.170084E-002
  0.179448E+001  0.234995E+001  0.400000E+001  0.170067E-002
  0.179459E+001  0.275511E+001  0.300000E+001  0.806996E-003
  0.179470E+001  0.235054E+001  0.400000E+001  0.170027E-002
  0.179480E+001  0.235084E+001  0.400000E+001  0.170005E-002
  0.179491E+001  0.235113E+001  0.400000E+001  0.169983E-002
  0.179501E+001  0.235143E+001  0.400000E+001  0.169960E-002
  0.179512E+001  0.235172E+001  0.400000E+001  0.169936E-002
  0.179523E+001  0.235202E+001  0.400000E+001  0.169911E-002
  0.179533E+001  0.235231E+001  0.400000E+001  0.169887E-002
  0.179544E+001  0.235261E+001  0.400000E+001  0.169862E-002
  0.179554E+001  0.235290E+001  0.400000E+001  0.169836E-002
  0.179565E+001  0.235320E+001  0.400000E+001  0.169811E-002
  0.179576E+001  0.235349E+001  0.400000E+001  0.169785E-002
  0.179586E+001  0.235379E+001  0.400000E+001  0.169759E-002
  0.179597E+001  0.235408E+001  0.400000E+001  0.169733E-002
  0.179607E+001  0.235437E+001  0.400000E+001  0.169707E-002
  0.179618E+001  0.235467E+001  0.400000E+001  0.169680E-002
  0.179629E+001  0.235496E+001  0.400000E+001  0.169654E-002
  0.179639E+001  0.235526E+001  0.400000E+001  0.169628E-002
  0.179650E+001  0.235555E+001  0.400000E+001  0.169601E-002
  0.179660E+001  0.235585E+001  0.400000E+001  0.169574E-002
  0.179671E+001  0.235614E+001  0.400000E+001  0.169548E-002
  0.179682E+001  0.235643E+001  0.400000E+001  0.169521E-002
  0.179692E+001  0.235673E+001  0.400000E+001  0.169494E-002
  0.179703E+001  0.235702E+001  0.400000E+001  0.169467E-002
  0.179713E+001  0.235732E+001  0.400000E+001  0.169441E-002
  0.179724E+001  0.235761E+001  0.400000E+001  0.169414E-002
  0.179735E+001  0.235791E+001  0.400000E+001  0.169387E-002
  0.179745E+001  0.235820E+001  0.400000E+001  0.169360E-002
  0.179756E+001  0.235849E+001  0.400000E+001  0.169333E-002
  0.179766E+001  0.235879E+001  0.400000E+001  0.169306E-002
  0.179777E+001  0.235908E+001  0.400000E+001  0.169279E-002
  0.179788E+001  0.235938E+001  0.400000E+001  0.169252E-002
  0.179798E+001  0.235967E+001  0.400000E+001  0.169225E-002
  0.179809E+001  0.235996E+001  0.400000E+001  0.169198E-002
  0.179819E+001  0.236026E+001  0.400000E+001  0.169171E-002
  0.179830E+001  0.236055E+001  0.400000E+001  0.169144E-002
  0.179841E+001  0.236084E+001  0.400000E+001  0.169117E-002
  0.179851E+001  0.236114E+001  0.400000E+001  0.169090E-002
  0.179862E+001  0.236143E+001  0.400000E+001  0.169063E-002
  0.179872E+001  0.236173E+001  0.400000E+001  0.169036E-002
  0.179883E+001  0.236202E+001  0.400000E+001  0.169009E-002
  0.179894E+001  0.236231E+001  0.400000E+001  0.168982E-002
  0.179904E+001  0.236261E+001  0.400000E+001  0.168955E-002
  0.179915E+001  0.236290E+001  0.400000E+001  0.168928E-002
  0.179925E+001  0.236319E+001  0.400000E+001  0.168901E-002
  0.179936E+001  0.236349E+001  0.400000E+001  0.168874E-002
  0.179947E+001  0.236378E+001  0.400000E+001  0.168847E-002
  0.179957E+001  0.236407E+001  0.400000E+001  0.168820E-002
  0.179968E+001  0.236437E+001  0.400000E+001  0.168793E-002
  0.179978E+001  0.236466E+001  0.400000E+001  0.168766E-002
  0.179989E+001  0.236495E+001  0.400000E+001  0.168739E-002
  0.180000E+001  0.236525E+001  0.400000E+001  0.168712E-002
  0.180010E+001  0.236554E+001  0.400000E+001  0.168685E-002
  0.180021E+001  0.236583E+001  0.400000E+001  0.168658E-002
  0.180031E+001  0.236613E+001  0.400000E+001  0.168631E-002
  0.180042E+001  0.236642E+001  0.400000E+001  0.168604E-002
  0.180053E+001  0.236671E+001  0.400000E+001  0.168577E-002
  0.180063E+001  0.236701E+001  0.400000E+001  0.168550E-002
  0.180074E+001  0.236730E+001  0.400000E+001  0.168524E-002
  0.180084E+001  0.236759E+001  0.400000E+001  0.168497E-002
  0.180095E+001  0.236789E+001  0.400000E+001  0.168470E-002
  0.180106E+001  0.236818E+001  0.400000E+001  0.168443E-002
  0.180116E+001  0.236847E+001  0.400000E+001  0.168416E-002
  0.180127E+001  0.236876E+001  0.400000E+001  0.168389E-002
  0.180137E+001  0.236906E+001  0.400000E+001  0.168362E-002
  0.180148E+001  0.236935E+001  0.400000E+001  0.168335E-002
  0.180159E+001  0.236964E+001  0.400000E+001  0.168308E-002
  0.180169E+001  0.236994E+001  0.400000E+001  0.168281E-002
  0.180180E+001  0.237023E+001  0.400000E+001  0.168255E-002
  0.180190E+001  0.237052E+001  0.400000E+001  0.168228E-002
  0.180201E+001  0.237081E+001  0.400000E+001  0.168201E-002
  0.180212E+001  0.237111E+001  0.400000E+001  0.168174E-002
  0.180222E+001  0.237140E+001  0.400000E+001  0.168147E-002
  0.180233E+001  0.237169E+001  0.400000E+001  0.168120E-002
  0.180243E+001  0.237199E+001  0.400000E+001  0.168093E-002
  0.180254E+001  0.237228E+001  0.400000E+001  0.168067E-002
  0.180265E+001  0.237257E+001  0.400000E+001  0.168040E-002
  0.180275E+001  0.237286E+001  0.400000E+001  0.168013E-002
  0.180286E+001  0.237316E+001  0.400000E+001  0.167986E-002
  0.180296E+001  0.237345E+001  0.400000E+001  0.167959E-002
  0.180307E+001  0.237374E+001  0.400000E+001  0.167933E-002
  0.180318E+001  0.237403E+001  0.400000E+001  0.167906E-002
  0.180328E+001  0.237433E+001  0.400000E+001  0.167879E-002
  0.180339E+001  0.237462E+001  0.400000E+001  0.167852E-002
  0.180349E+001  0.235938E+001  0.500000E+001  0.399169E-003
  0.180360E+001  0.185062E-001  0.600000E+001  0.263530E+000
