0.135270E+001  0.140725E-001
  0.135530E+001  0.176368E+000
  0.135791E+001  0.249151E+000
  0.136051E+001  0.305081E+000
  0.136311E+001  0.352273E+000
  0.136571E+001  0.393878E+000
  0.136832E+001  0.431515E+000
  0.137092E+001  0.466146E+000
  0.137352E+001  0.498396E+000
  0.137613E+001  0.528701E+000
  0.137873E+001  0.557380E+000
  0.138133E+001  0.584670E+000
  0.138394E+001  0.610758E+000
  0.138654E+001  0.635793E+000
  0.138914E+001  0.659893E+000
  0.139174E+001  0.683158E+000
  0.139435E+001  0.705670E+000
  0.139695E+001  0.727499E+000
  0.139955E+001  0.748705E+000
  0.140216E+001  0.769339E+000
  0.140476E+001  0.789447E+000
  0.140736E+001  0.809067E+000
  0.140997E+001  0.828233E+000
  0.141257E+001  0.846978E+000
  0.141517E+001  0.865328E+000
  0.141777E+001  0.883307E+000
  0.142038E+001  0.900938E+000
  0.142298E+001  0.918241E+000
  0.142558E+001  0.935235E+000
  0.142819E+001  0.951935E+000
  0.143079E+001  0.968357E+000
  0.143339E+001  0.984514E+000
  0.143600E+001  0.100042E+001
  0.143860E+001  0.101609E+001
  0.144120E+001  0.103152E+001
  0.144380E+001  0.104674E+001
  0.144641E+001  0.106175E+001
  0.144901E+001  0.107656E+001
  0.145161E+001  0.109118E+001
  0.145422E+001  0.110561E+001
  0.145682E+001  0.111987E+001
  0.145942E+001  0.113395E+001
  0.146203E+001  0.114787E+001
  0.146463E+001  0.116163E+001
  0.146723E+001  0.117524E+001
  0.146983E+001  0.118870E+001
  0.147244E+001  0.120201E+001
  0.147504E+001  0.121519E+001
  0.147764E+001  0.122824E+001
  0.148025E+001  0.124115E+001
  0.148285E+001  0.125394E+001
  0.148545E+001  0.126661E+001
  0.148806E+001  0.127916E+001
  0.149066E+001  0.129159E+001
  0.149326E+001  0.130392E+001
  0.149586E+001  0.131613E+001
  0.149847E+001  0.132824E+001
  0.150107E+001  0.134025E+001
  0.150367E+001  0.135215E+001
  0.150628E+001  0.136396E+001
  0.150888E+001  0.137568E+001
  0.151148E+001  0.138730E+001
  0.151409E+001  0.139883E+001
  0.151669E+001  0.141028E+001
  0.151929E+001  0.142164E+001
  0.152189E+001  0.143291E+001
  0.152450E+001  0.144411E+001
  0.152710E+001  0.145522E+001
  0.152970E+001  0.146626E+001
  0.153231E+001  0.147722E+001
  0.153491E+001  0.148810E+001
  0.153751E+001  0.149891E+001
  0.154012E+001  0.150965E+001
  0.154272E+001  0.152032E+001
  0.154532E+001  0.153093E+001
  0.154792E+001  0.154146E+001
  0.155053E+001  0.155193E+001
  0.155313E+001  0.156234E+001
  0.155573E+001  0.157268E+001
  0.155834E+001  0.158296E+001
  0.156094E+001  0.159318E+001
  0.156354E+001  0.160334E+001
  0.156615E+001  0.161344E+001
  0.156875E+001  0.162349E+001
  0.157135E+001  0.163347E+001
  0.157395E+001  0.164341E+001
  0.157656E+001  0.165328E+001
  0.157916E+001  0.166311E+001
  0.158176E+001  0.167288E+001
  0.158437E+001  0.168260E+001
  0.158697E+001  0.169228E+001
  0.158957E+001  0.170190E+001
  0.159218E+001  0.171147E+001
  0.159478E+001  0.172099E+001
  0.159738E+001  0.173047E+001
  0.159998E+001  0.173990E+001
  0.160259E+001  0.174929E+001
  0.160519E+001  0.175863E+001
  0.160779E+001  0.176792E+001
  0.161040E+001  0.177717E+001
  0.161300E+001  0.178638E+001
0.161300E+001  0.178638E+001
  0.161480E+001  0.179273E+001
  0.161660E+001  0.179905E+001
  0.161840E+001  0.180535E+001
  0.162020E+001  0.181164E+001
  0.162200E+001  0.181790E+001
  0.162380E+001  0.182415E+001
  0.162560E+001  0.183037E+001
  0.162740E+001  0.183658E+001
  0.162920E+001  0.184277E+001
  0.163100E+001  0.184894E+001
  0.163280E+001  0.185509E+001
  0.163460E+001  0.186123E+001
  0.163640E+001  0.186734E+001
  0.163820E+001  0.187344E+001
  0.164000E+001  0.187952E+001
  0.164180E+001  0.188559E+001
  0.164360E+001  0.189163E+001
  0.164540E+001  0.189766E+001
  0.164720E+001  0.190367E+001
  0.164900E+001  0.190967E+001
  0.165080E+001  0.191565E+001
  0.165260E+001  0.192161E+001
  0.165440E+001  0.192756E+001
  0.165620E+001  0.193349E+001
  0.165800E+001  0.193940E+001
  0.165980E+001  0.194530E+001
  0.166160E+001  0.195118E+001
  0.166340E+001  0.195705E+001
  0.166520E+001  0.196290E+001
  0.166700E+001  0.196874E+001
  0.166880E+001  0.197456E+001
  0.167060E+001  0.198037E+001
  0.167240E+001  0.198616E+001
  0.167420E+001  0.199194E+001
  0.167600E+001  0.199770E+001
  0.167780E+001  0.200345E+001
  0.167960E+001  0.200918E+001
  0.168140E+001  0.201490E+001
  0.168320E+001  0.202061E+001
  0.168500E+001  0.202630E+001
  0.168680E+001  0.203197E+001
  0.168860E+001  0.203764E+001
  0.169040E+001  0.204329E+001
  0.169220E+001  0.204892E+001
  0.169400E+001  0.205455E+001
  0.169580E+001  0.206016E+001
  0.169760E+001  0.206575E+001
  0.169940E+001  0.207133E+001
  0.170120E+001  0.207690E+001
  0.170300E+001  0.208246E+001
  0.170480E+001  0.208801E+001
  0.170660E+001  0.209354E+001
  0.170840E+001  0.209906E+001
  0.171020E+001  0.210456E+001
  0.171200E+001  0.211006E+001
  0.171380E+001  0.211554E+001
  0.171560E+001  0.212101E+001
  0.171740E+001  0.212647E+001
  0.171920E+001  0.213191E+001
  0.172100E+001  0.213735E+001
  0.172280E+001  0.214277E+001
  0.172460E+001  0.214818E+001
  0.172640E+001  0.215358E+001
  0.172820E+001  0.215896E+001
  0.173000E+001  0.216434E+001
  0.173180E+001  0.216970E+001
  0.173360E+001  0.217505E+001
  0.173540E+001  0.218039E+001
  0.173720E+001  0.218572E+001
  0.173900E+001  0.219104E+001
  0.174080E+001  0.219635E+001
  0.174260E+001  0.220165E+001
  0.174440E+001  0.220693E+001
  0.174620E+001  0.221221E+001
  0.174800E+001  0.221748E+001
  0.174980E+001  0.222273E+001
  0.175160E+001  0.222797E+001
  0.175340E+001  0.223321E+001
  0.175520E+001  0.223843E+001
  0.175700E+001  0.224364E+001
  0.175880E+001  0.224884E+001
  0.176060E+001  0.225403E+001
  0.176240E+001  0.225922E+001
  0.176420E+001  0.226439E+001
  0.176600E+001  0.226955E+001
  0.176780E+001  0.227470E+001
  0.176960E+001  0.227984E+001
  0.177140E+001  0.228498E+001
  0.177320E+001  0.229010E+001
  0.177500E+001  0.229521E+001
  0.177680E+001  0.230031E+001
  0.177860E+001  0.230541E+001
  0.178040E+001  0.231049E+001
  0.178220E+001  0.231557E+001
  0.178400E+001  0.232063E+001
  0.178580E+001  0.232569E+001
  0.178760E+001  0.233074E+001
  0.178940E+001  0.233577E+001
  0.179120E+001  0.234080E+001
  0.179300E+001  0.234563E+001
