  0.550000E-001  0.673132E-001  0.100000E+001  0.131737E-001
  0.589580E-001  0.725521E-001  0.100000E+001  0.122678E-001
  0.629160E-001  0.777830E-001  0.100000E+001  0.114803E-001
  0.668740E-001  0.830077E-001  0.100000E+001  0.107891E-001
  0.708320E-001  0.882274E-001  0.100000E+001  0.101773E-001
  0.747900E-001  0.934429E-001  0.100000E+001  0.963167E-002
  0.787480E-001  0.986552E-001  0.100000E+001  0.914204E-002
  0.827060E-001  0.103865E+000  0.100000E+001  0.870009E-002
  0.866640E-001  0.109072E+000  0.100000E+001  0.829913E-002
  0.906220E-001  0.114277E+000  0.100000E+001  0.793368E-002
  0.945800E-001  0.119480E+000  0.100000E+001  0.759919E-002
  0.985380E-001  0.124682E+000  0.100000E+001  0.729186E-002
  0.102496E+000  0.129883E+000  0.100000E+001  0.700851E-002
  0.106454E+000  0.135082E+000  0.100000E+001  0.674642E-002
  0.110412E+000  0.140281E+000  0.100000E+001  0.650327E-002
  0.114370E+000  0.145479E+000  0.100000E+001  0.627707E-002
  0.118328E+000  0.150675E+000  0.100000E+001  0.606612E-002
  0.122286E+000  0.155872E+000  0.100000E+001  0.586890E-002
  0.126244E+000  0.161067E+000  0.100000E+001  0.568412E-002
  0.130202E+000  0.166262E+000  0.100000E+001  0.551064E-002
  0.134160E+000  0.171457E+000  0.100000E+001  0.534745E-002
  0.138118E+000  0.176651E+000  0.100000E+001  0.519365E-002
  0.142076E+000  0.181844E+000  0.100000E+001  0.504847E-002
  0.146034E+000  0.187038E+000  0.100000E+001  0.491118E-002
  0.149992E+000  0.192231E+000  0.100000E+001  0.478117E-002
  0.153950E+000  0.197423E+000  0.100000E+001  0.465786E-002
  0.157908E+000  0.202615E+000  0.100000E+001  0.454076E-002
  0.161866E+000  0.207807E+000  0.100000E+001  0.442940E-002
  0.165824E+000  0.212999E+000  0.100000E+001  0.432338E-002
  0.169782E+000  0.218191E+000  0.100000E+001  0.422231E-002
  0.173740E+000  0.223382E+000  0.100000E+001  0.412586E-002
  0.177698E+000  0.228573E+000  0.100000E+001  0.403372E-002
  0.181656E+000  0.233764E+000  0.100000E+001  0.394560E-002
  0.185614E+000  0.238955E+000  0.100000E+001  0.386125E-002
  0.189572E+000  0.244145E+000  0.100000E+001  0.378043E-002
  0.193530E+000  0.249336E+000  0.100000E+001  0.370292E-002
  0.197488E+000  0.254526E+000  0.100000E+001  0.362853E-002
  0.201446E+000  0.259716E+000  0.100000E+001  0.355706E-002
  0.205404E+000  0.264906E+000  0.100000E+001  0.348836E-002
  0.209362E+000  0.270096E+000  0.100000E+001  0.342225E-002
  0.213320E+000  0.275286E+000  0.100000E+001  0.335860E-002
  0.217278E+000  0.280476E+000  0.100000E+001  0.329728E-002
  0.221236E+000  0.285665E+000  0.100000E+001  0.323815E-002
  0.225194E+000  0.290855E+000  0.100000E+001  0.318110E-002
  0.229152E+000  0.296044E+000  0.100000E+001  0.312603E-002
  0.233110E+000  0.301234E+000  0.100000E+001  0.307283E-002
  0.237068E+000  0.306423E+000  0.100000E+001  0.302141E-002
  0.241026E+000  0.311612E+000  0.100000E+001  0.297168E-002
  0.244984E+000  0.316801E+000  0.100000E+001  0.292355E-002
  0.248942E+000  0.321990E+000  0.100000E+001  0.287696E-002
  0.252900E+000  0.327180E+000  0.100000E+001  0.283183E-002
  0.256858E+000  0.332368E+000  0.100000E+001  0.278809E-002
  0.260816E+000  0.337557E+000  0.100000E+001  0.274568E-002
  0.264774E+000  0.342746E+000  0.100000E+001  0.270454E-002
  0.268732E+000  0.347935E+000  0.100000E+001  0.266461E-002
  0.272690E+000  0.353124E+000  0.100000E+001  0.262584E-002
  0.276648E+000  0.358312E+000  0.100000E+001  0.258819E-002
  0.280606E+000  0.363501E+000  0.100000E+001  0.255159E-002
  0.284564E+000  0.368690E+000  0.100000E+001  0.251601E-002
  0.288522E+000  0.373878E+000  0.100000E+001  0.248141E-002
  0.292480E+000  0.379067E+000  0.100000E+001  0.244775E-002
  0.296438E+000  0.384255E+000  0.100000E+001  0.241498E-002
  0.300396E+000  0.389443E+000  0.100000E+001  0.238308E-002
  0.304354E+000  0.394632E+000  0.100000E+001  0.235201E-002
  0.308312E+000  0.399820E+000  0.100000E+001  0.232174E-002
  0.312270E+000  0.405009E+000  0.100000E+001  0.229224E-002
  0.316228E+000  0.410197E+000  0.100000E+001  0.226347E-002
  0.320186E+000  0.415385E+000  0.100000E+001  0.223542E-002
  0.324144E+000  0.420573E+000  0.100000E+001  0.220805E-002
  0.328102E+000  0.425762E+000  0.100000E+001  0.218134E-002
  0.332060E+000  0.430950E+000  0.100000E+001  0.215527E-002
  0.336018E+000  0.436138E+000  0.100000E+001  0.212981E-002
  0.339976E+000  0.441326E+000  0.100000E+001  0.210494E-002
  0.343934E+000  0.446514E+000  0.100000E+001  0.208065E-002
  0.347892E+000  0.451702E+000  0.100000E+001  0.205691E-002
  0.351850E+000  0.456890E+000  0.100000E+001  0.203370E-002
  0.355808E+000  0.462078E+000  0.100000E+001  0.201102E-002
  0.359766E+000  0.467266E+000  0.100000E+001  0.198882E-002
  0.363724E+000  0.472454E+000  0.100000E+001  0.196712E-002
  0.367682E+000  0.477642E+000  0.100000E+001  0.194588E-002
  0.371640E+000  0.482830E+000  0.100000E+001  0.192509E-002
  0.375598E+000  0.488018E+000  0.100000E+001  0.190474E-002
  0.379556E+000  0.493206E+000  0.100000E+001  0.188481E-002
  0.383514E+000  0.498394E+000  0.100000E+001  0.186530E-002
  0.387472E+000  0.503582E+000  0.100000E+001  0.184618E-002
  0.391430E+000  0.508770E+000  0.100000E+001  0.182745E-002
  0.395388E+000  0.513958E+000  0.100000E+001  0.180909E-002
  0.399346E+000  0.519145E+000  0.100000E+001  0.179110E-002
  0.403304E+000  0.524333E+000  0.100000E+001  0.177346E-002
  0.407262E+000  0.529521E+000  0.100000E+001  0.175617E-002
  0.411220E+000  0.534709E+000  0.100000E+001  0.173920E-002
  0.415178E+000  0.539897E+000  0.100000E+001  0.172256E-002
  0.419136E+000  0.545084E+000  0.100000E+001  0.170623E-002
  0.423094E+000  0.550272E+000  0.100000E+001  0.169021E-002
  0.427052E+000  0.555460E+000  0.100000E+001  0.167449E-002
  0.431010E+000  0.560648E+000  0.100000E+001  0.165905E-002
  0.434968E+000  0.565835E+000  0.100000E+001  0.164390E-002
  0.438926E+000  0.571023E+000  0.100000E+001  0.162901E-002
  0.442884E+000  0.576211E+000  0.100000E+001  0.161440E-002
  0.446842E+000  0.581398E+000  0.100000E+001  0.160004E-002
  0.450800E+000  0.586586E+000  0.100000E+001  0.158593E-002
