  0.000000E+000  0.000000E+000
  0.161300E+001  0.250967E+001
  0.161480E+001  0.251316E+001
  0.161660E+001  0.251400E+001
  0.161840E+001  0.251647E+001
  0.162020E+001  0.251894E+001
  0.162200E+001  0.252141E+001
  0.162380E+001  0.252388E+001
  0.162560E+001  0.252634E+001
  0.162740E+001  0.252881E+001
  0.162920E+001  0.253127E+001
  0.163100E+001  0.253374E+001
  0.163280E+001  0.253620E+001
  0.163460E+001  0.253866E+001
  0.163640E+001  0.254112E+001
  0.163820E+001  0.254359E+001
  0.164000E+001  0.254605E+001
  0.164180E+001  0.254851E+001
  0.164360E+001  0.255097E+001
  0.164540E+001  0.255342E+001
  0.164720E+001  0.255588E+001
  0.164900E+001  0.255834E+001
  0.165080E+001  0.256080E+001
  0.165260E+001  0.256325E+001
  0.165440E+001  0.256571E+001
  0.165620E+001  0.256816E+001
  0.165800E+001  0.257062E+001
  0.165980E+001  0.257307E+001
  0.166160E+001  0.257552E+001
  0.166340E+001  0.257798E+001
  0.166520E+001  0.258043E+001
  0.166700E+001  0.258288E+001
  0.166880E+001  0.258533E+001
  0.167060E+001  0.258778E+001
  0.167240E+001  0.259023E+001
  0.167420E+001  0.259268E+001
  0.167600E+001  0.259512E+001
  0.167780E+001  0.259757E+001
  0.167960E+001  0.260002E+001
  0.168140E+001  0.260246E+001
  0.168320E+001  0.260491E+001
  0.168500E+001  0.260735E+001
  0.168680E+001  0.260980E+001
  0.168860E+001  0.261224E+001
  0.169040E+001  0.261468E+001
  0.169220E+001  0.261712E+001
  0.169400E+001  0.261957E+001
  0.169580E+001  0.262201E+001
  0.169760E+001  0.262445E+001
  0.169940E+001  0.262689E+001
  0.170120E+001  0.262933E+001
  0.170300E+001  0.263177E+001
  0.170480E+001  0.263420E+001
  0.170660E+001  0.263664E+001
  0.170840E+001  0.263908E+001
  0.171020E+001  0.264151E+001
  0.171200E+001  0.264395E+001
  0.171380E+001  0.264638E+001
  0.171560E+001  0.264882E+001
  0.171740E+001  0.265125E+001
  0.171920E+001  0.265369E+001
  0.172100E+001  0.265612E+001
  0.172280E+001  0.265855E+001
  0.172460E+001  0.266098E+001
  0.172640E+001  0.266341E+001
  0.172820E+001  0.266584E+001
  0.173000E+001  0.266827E+001
  0.173180E+001  0.267070E+001
  0.173360E+001  0.267313E+001
  0.173540E+001  0.267556E+001
  0.173720E+001  0.267799E+001
  0.173900E+001  0.268042E+001
  0.174080E+001  0.268284E+001
  0.174260E+001  0.268527E+001
  0.174440E+001  0.268769E+001
  0.174620E+001  0.269012E+001
  0.174800E+001  0.269254E+001
  0.174980E+001  0.269497E+001
  0.175160E+001  0.269739E+001
  0.175340E+001  0.269981E+001
  0.175520E+001  0.270224E+001
  0.175700E+001  0.270466E+001
  0.175880E+001  0.270708E+001
  0.176060E+001  0.270950E+001
  0.176240E+001  0.271192E+001
  0.176420E+001  0.271434E+001
  0.176600E+001  0.271676E+001
  0.176780E+001  0.271918E+001
  0.176960E+001  0.272159E+001
  0.177140E+001  0.272401E+001
  0.177320E+001  0.272643E+001
  0.177500E+001  0.272884E+001
  0.177680E+001  0.273126E+001
  0.177860E+001  0.273368E+001
  0.178040E+001  0.273609E+001
  0.178220E+001  0.273851E+001
  0.178400E+001  0.274092E+001
  0.178580E+001  0.274333E+001
  0.178760E+001  0.274575E+001
  0.178940E+001  0.274816E+001
  0.179120E+001  0.284091E+001
  0.179300E+001  0.284412E+001
