  0.450800E+000  0.586586E+000
  0.550000E-001  0.673132E-001
  0.589580E-001  0.725521E-001
  0.629160E-001  0.777830E-001
  0.668740E-001  0.830077E-001
  0.708320E-001  0.882274E-001
  0.747900E-001  0.934429E-001
  0.787480E-001  0.986552E-001
  0.827060E-001  0.103865E+000
  0.866640E-001  0.109072E+000
  0.906220E-001  0.114277E+000
  0.945800E-001  0.119480E+000
  0.985380E-001  0.124682E+000
  0.102496E+000  0.129883E+000
  0.106454E+000  0.135082E+000
  0.110412E+000  0.140281E+000
  0.114370E+000  0.145479E+000
  0.118328E+000  0.150675E+000
  0.122286E+000  0.155872E+000
  0.126244E+000  0.161067E+000
  0.130202E+000  0.166262E+000
  0.134160E+000  0.171457E+000
  0.138118E+000  0.176651E+000
  0.142076E+000  0.181844E+000
  0.146034E+000  0.187038E+000
  0.149992E+000  0.192231E+000
  0.153950E+000  0.197423E+000
  0.157908E+000  0.202615E+000
  0.161866E+000  0.207807E+000
  0.165824E+000  0.212999E+000
  0.169782E+000  0.218191E+000
  0.173740E+000  0.223382E+000
  0.177698E+000  0.228573E+000
  0.181656E+000  0.233764E+000
  0.185614E+000  0.238955E+000
  0.189572E+000  0.244145E+000
  0.193530E+000  0.249336E+000
  0.197488E+000  0.254526E+000
  0.201446E+000  0.259716E+000
  0.205404E+000  0.264906E+000
  0.209362E+000  0.270096E+000
  0.213320E+000  0.275286E+000
  0.217278E+000  0.280476E+000
  0.221236E+000  0.285665E+000
  0.225194E+000  0.290855E+000
  0.229152E+000  0.296044E+000
  0.233110E+000  0.301234E+000
  0.237068E+000  0.306423E+000
  0.241026E+000  0.311612E+000
  0.244984E+000  0.316801E+000
  0.248942E+000  0.321990E+000
  0.252900E+000  0.327180E+000
  0.256858E+000  0.332368E+000
  0.260816E+000  0.337557E+000
  0.264774E+000  0.342746E+000
  0.268732E+000  0.347935E+000
  0.272690E+000  0.353124E+000
  0.276648E+000  0.358312E+000
  0.280606E+000  0.363501E+000
  0.284564E+000  0.368690E+000
  0.288522E+000  0.373878E+000
  0.292480E+000  0.379067E+000
  0.296438E+000  0.384255E+000
  0.300396E+000  0.389443E+000
  0.304354E+000  0.394632E+000
  0.308312E+000  0.399820E+000
  0.312270E+000  0.405009E+000
  0.316228E+000  0.410197E+000
  0.320186E+000  0.415385E+000
  0.324144E+000  0.420573E+000
  0.328102E+000  0.425762E+000
  0.332060E+000  0.430950E+000
  0.336018E+000  0.436138E+000
  0.339976E+000  0.441326E+000
  0.343934E+000  0.446514E+000
  0.347892E+000  0.451702E+000
  0.351850E+000  0.456890E+000
  0.355808E+000  0.462078E+000
  0.359766E+000  0.467266E+000
  0.363724E+000  0.472454E+000
  0.367682E+000  0.477642E+000
  0.371640E+000  0.482830E+000
  0.375598E+000  0.488018E+000
  0.379556E+000  0.493206E+000
  0.383514E+000  0.498394E+000
  0.387472E+000  0.503582E+000
  0.391430E+000  0.508770E+000
  0.395388E+000  0.513958E+000
  0.399346E+000  0.519145E+000
  0.403304E+000  0.524333E+000
  0.407262E+000  0.529521E+000
  0.411220E+000  0.534709E+000
  0.415178E+000  0.539897E+000
  0.419136E+000  0.545084E+000
  0.423094E+000  0.550272E+000
  0.427052E+000  0.555460E+000
  0.431010E+000  0.560648E+000
  0.434968E+000  0.565835E+000
  0.438926E+000  0.571023E+000
  0.442884E+000  0.576211E+000
  0.446842E+000  0.581398E+000
  0.450800E+000  0.586586E+000
   
  0.452252E+000  0.588489E+000
  0.453704E+000  0.590392E+000
  0.455156E+000  0.592295E+000
  0.456608E+000  0.594199E+000
  0.458060E+000  0.596102E+000
  0.459512E+000  0.598005E+000
  0.460964E+000  0.599908E+000
  0.462416E+000  0.601811E+000
  0.463868E+000  0.603714E+000
  0.465320E+000  0.605617E+000
  0.466772E+000  0.607520E+000
  0.468224E+000  0.609423E+000
  0.469676E+000  0.611326E+000
  0.471128E+000  0.613230E+000
  0.472580E+000  0.615133E+000
  0.474032E+000  0.617036E+000
  0.475484E+000  0.618939E+000
  0.476936E+000  0.620842E+000
  0.478388E+000  0.622745E+000
  0.479840E+000  0.624648E+000
  0.481292E+000  0.626551E+000
  0.482744E+000  0.628454E+000
  0.484196E+000  0.630357E+000
  0.485648E+000  0.632260E+000
  0.487100E+000  0.634164E+000
  0.488552E+000  0.636067E+000
  0.490004E+000  0.637970E+000
  0.491456E+000  0.639873E+000
  0.492908E+000  0.641776E+000
  0.494360E+000  0.643679E+000
  0.495812E+000  0.645582E+000
  0.497264E+000  0.647485E+000
  0.498716E+000  0.649388E+000
  0.500168E+000  0.651291E+000
  0.501620E+000  0.653194E+000
  0.503072E+000  0.655097E+000
  0.504524E+000  0.657000E+000
  0.505976E+000  0.658903E+000
  0.507428E+000  0.660807E+000
  0.508880E+000  0.662710E+000
  0.510332E+000  0.664613E+000
  0.511784E+000  0.666516E+000
  0.513236E+000  0.668419E+000
  0.514688E+000  0.670322E+000
  0.516140E+000  0.672225E+000
  0.517592E+000  0.674128E+000
  0.519044E+000  0.676031E+000
  0.520496E+000  0.677934E+000
  0.521948E+000  0.679837E+000
  0.523400E+000  0.681740E+000
  0.524852E+000  0.683643E+000
  0.526304E+000  0.685546E+000
  0.527756E+000  0.687449E+000
  0.529208E+000  0.689352E+000
  0.530660E+000  0.691255E+000
  0.532112E+000  0.693159E+000
  0.533564E+000  0.695062E+000
  0.535016E+000  0.696965E+000
  0.536468E+000  0.698868E+000
  0.537920E+000  0.700771E+000
  0.539372E+000  0.702674E+000
  0.540824E+000  0.704577E+000
  0.542276E+000  0.706480E+000
  0.543728E+000  0.708383E+000
  0.545180E+000  0.710286E+000
  0.546632E+000  0.712189E+000
  0.548084E+000  0.714092E+000
  0.549536E+000  0.715995E+000
  0.550988E+000  0.717898E+000
  0.552440E+000  0.719801E+000
  0.553892E+000  0.721704E+000
  0.555344E+000  0.723607E+000
  0.556796E+000  0.725510E+000
  0.558248E+000  0.727413E+000
  0.559700E+000  0.729316E+000
  0.561152E+000  0.731219E+000
  0.562604E+000  0.733122E+000
  0.564056E+000  0.735025E+000
  0.565508E+000  0.736928E+000
  0.566960E+000  0.738831E+000
  0.568412E+000  0.740734E+000
  0.569864E+000  0.742638E+000
  0.571316E+000  0.744541E+000
  0.572768E+000  0.746444E+000
  0.574220E+000  0.748347E+000
  0.575672E+000  0.750250E+000
  0.577124E+000  0.752153E+000
  0.578576E+000  0.754056E+000
  0.580028E+000  0.755959E+000
  0.581480E+000  0.757862E+000
  0.582932E+000  0.759765E+000
  0.584384E+000  0.761668E+000
  0.585836E+000  0.763571E+000
  0.587288E+000  0.765474E+000
  0.588740E+000  0.767377E+000
  0.590192E+000  0.769280E+000
  0.591644E+000  0.771183E+000
  0.593096E+000  0.773086E+000
  0.594548E+000  0.774989E+000
   
  0.596000E+000  0.776956E+000
  0.599059E+000  0.780901E+000
  0.602118E+000  0.784910E+000
  0.605177E+000  0.788920E+000
  0.608236E+000  0.792929E+000
  0.611295E+000  0.796938E+000
  0.614354E+000  0.800947E+000
  0.617413E+000  0.804956E+000
  0.620472E+000  0.808965E+000
  0.623531E+000  0.812975E+000
  0.626590E+000  0.816984E+000
  0.629649E+000  0.820993E+000
  0.632708E+000  0.825002E+000
  0.635767E+000  0.829011E+000
  0.638826E+000  0.833020E+000
  0.641885E+000  0.837030E+000
  0.644944E+000  0.841039E+000
  0.648003E+000  0.845048E+000
  0.651062E+000  0.849057E+000
  0.654121E+000  0.853066E+000
  0.657180E+000  0.857075E+000
  0.660239E+000  0.861084E+000
  0.663298E+000  0.865094E+000
  0.666357E+000  0.869103E+000
  0.669416E+000  0.873112E+000
  0.672475E+000  0.877121E+000
  0.675534E+000  0.881130E+000
  0.678593E+000  0.885139E+000
  0.681652E+000  0.889148E+000
  0.684711E+000  0.893158E+000
  0.687770E+000  0.897167E+000
  0.690829E+000  0.901176E+000
  0.693888E+000  0.905185E+000
  0.696947E+000  0.909194E+000
  0.700006E+000  0.913203E+000
  0.703065E+000  0.917212E+000
  0.706124E+000  0.921221E+000
  0.709183E+000  0.925231E+000
  0.712242E+000  0.929240E+000
  0.715301E+000  0.933249E+000
  0.718360E+000  0.937258E+000
  0.721419E+000  0.941267E+000
  0.724478E+000  0.945276E+000
  0.727537E+000  0.949285E+000
  0.730596E+000  0.953294E+000
  0.733655E+000  0.957304E+000
  0.736714E+000  0.961313E+000
  0.739773E+000  0.965322E+000
  0.742832E+000  0.969331E+000
  0.745891E+000  0.973340E+000
  0.748950E+000  0.977349E+000
  0.752009E+000  0.981358E+000
  0.755068E+000  0.985367E+000
  0.758127E+000  0.989376E+000
  0.761186E+000  0.993385E+000
  0.764245E+000  0.997395E+000
  0.767304E+000  0.100140E+001
  0.770363E+000  0.100541E+001
  0.773422E+000  0.100942E+001
  0.776481E+000  0.101343E+001
  0.779540E+000  0.101744E+001
  0.782599E+000  0.102145E+001
  0.785658E+000  0.102546E+001
  0.788717E+000  0.102947E+001
  0.791776E+000  0.103348E+001
  0.794835E+000  0.103749E+001
  0.797894E+000  0.104149E+001
  0.800953E+000  0.104550E+001
  0.804012E+000  0.104951E+001
  0.807071E+000  0.105352E+001
  0.810130E+000  0.105753E+001
  0.813189E+000  0.106154E+001
  0.816248E+000  0.106555E+001
  0.819307E+000  0.106956E+001
  0.822366E+000  0.107357E+001
  0.825425E+000  0.107758E+001
  0.828484E+000  0.108159E+001
  0.831543E+000  0.108559E+001
  0.834602E+000  0.108960E+001
  0.837661E+000  0.109361E+001
  0.840720E+000  0.109762E+001
  0.843779E+000  0.110163E+001
  0.846838E+000  0.110564E+001
  0.849897E+000  0.110965E+001
  0.852956E+000  0.111366E+001
  0.856015E+000  0.111767E+001
  0.859074E+000  0.112168E+001
  0.862133E+000  0.112569E+001
  0.865192E+000  0.112969E+001
  0.868251E+000  0.113370E+001
  0.871310E+000  0.113771E+001
  0.874369E+000  0.114172E+001
  0.877428E+000  0.114573E+001
  0.880487E+000  0.114974E+001
  0.883546E+000  0.115375E+001
  0.886605E+000  0.115776E+001
  0.889664E+000  0.116177E+001
  0.892723E+000  0.116578E+001
  0.895782E+000  0.116979E+001
  0.898841E+000  0.117379E+001
  0.901900E+000  0.109025E-001
  0.901900E+000  0.117780E+001 
  
  0.906408E+000  0.118371E+001
  0.910916E+000  0.118962E+001
  0.915424E+000  0.119553E+001
  0.919932E+000  0.120144E+001
  0.924440E+000  0.120734E+001
  0.928948E+000  0.121325E+001
  0.933456E+000  0.121916E+001
  0.937964E+000  0.122507E+001
  0.942472E+000  0.123098E+001
  0.946980E+000  0.123688E+001
  0.951488E+000  0.124279E+001
  0.955996E+000  0.124870E+001
  0.960504E+000  0.125461E+001
  0.965012E+000  0.126052E+001
  0.969520E+000  0.126643E+001
  0.974028E+000  0.127233E+001
  0.978536E+000  0.127824E+001
  0.983044E+000  0.128415E+001
  0.987552E+000  0.129006E+001
  0.992060E+000  0.129597E+001
  0.996568E+000  0.130187E+001
  0.100108E+001  0.130778E+001
  0.100558E+001  0.131369E+001
  0.101009E+001  0.131960E+001
  0.101460E+001  0.132551E+001
  0.101911E+001  0.133142E+001
  0.102362E+001  0.133732E+001
  0.102812E+001  0.134323E+001
  0.103263E+001  0.134914E+001
  0.103714E+001  0.135505E+001
  0.104165E+001  0.136096E+001
  0.104616E+001  0.136687E+001
  0.105066E+001  0.137277E+001
  0.105517E+001  0.137868E+001
  0.105968E+001  0.138459E+001
  0.106419E+001  0.139050E+001
  0.106870E+001  0.139641E+001
  0.107320E+001  0.140232E+001
  0.107771E+001  0.140822E+001
  0.108222E+001  0.141413E+001
  0.108673E+001  0.142004E+001
  0.109124E+001  0.142595E+001
  0.109574E+001  0.143186E+001
  0.110025E+001  0.143777E+001
  0.110476E+001  0.144368E+001
  0.110927E+001  0.144958E+001
  0.111378E+001  0.145549E+001
  0.111828E+001  0.146140E+001
  0.112279E+001  0.146731E+001
  0.112730E+001  0.147322E+001
  0.113181E+001  0.147913E+001
  0.113632E+001  0.148504E+001
  0.114082E+001  0.149095E+001
  0.114533E+001  0.149686E+001
  0.114984E+001  0.150277E+001
  0.115435E+001  0.150868E+001
  0.115886E+001  0.151460E+001
  0.116336E+001  0.152051E+001
  0.116787E+001  0.152642E+001
  0.117238E+001  0.153234E+001
  0.117689E+001  0.153827E+001
  0.118140E+001  0.154420E+001
  0.118590E+001  0.155017E+001
  0.119041E+001  0.155625E+001
  0.119492E+001  0.156369E+001
  0.119943E+001  0.157536E+001
  0.120394E+001  0.158768E+001
  0.120844E+001  0.160000E+001
  0.121295E+001  0.161225E+001
  0.121746E+001  0.162444E+001
  0.122197E+001  0.163656E+001
  0.122648E+001  0.164861E+001
  0.123098E+001  0.166059E+001
  0.123549E+001  0.167250E+001
  0.124000E+001  0.168434E+001
  0.124451E+001  0.169611E+001
  0.124902E+001  0.170782E+001
  0.125352E+001  0.171946E+001
  0.125803E+001  0.173104E+001
  0.126254E+001  0.174256E+001
  0.126705E+001  0.175401E+001
  0.127156E+001  0.176541E+001
  0.127606E+001  0.177674E+001
  0.128057E+001  0.178802E+001
  0.128508E+001  0.179924E+001
  0.128959E+001  0.181041E+001
  0.129410E+001  0.182152E+001
  0.129860E+001  0.183258E+001
  0.130311E+001  0.184359E+001
  0.130762E+001  0.185454E+001
  0.131213E+001  0.186544E+001
  0.131664E+001  0.187629E+001
  0.132114E+001  0.188710E+001
  0.132565E+001  0.189785E+001
  0.133016E+001  0.190856E+001
  0.133467E+001  0.191922E+001
  0.133918E+001  0.192984E+001
  0.134368E+001  0.194041E+001
  0.134819E+001  0.195093E+001
  0.135270E+001  0.176859E+001
  
  0.135270E+001  0.196141E+001
  0.135530E+001  0.196745E+001
  0.135791E+001  0.197346E+001
  0.136051E+001  0.197947E+001
  0.136311E+001  0.198546E+001
  0.136571E+001  0.199143E+001
  0.136832E+001  0.199740E+001

  0.137092E+001  0.200334E+001
  0.137352E+001  0.200928E+001
  0.137613E+001  0.201520E+001
  0.137873E+001  0.202111E+001
  0.138133E+001  0.202701E+001
  0.138394E+001  0.203289E+001
  0.138654E+001  0.203876E+001
  0.138914E+001  0.204462E+001
  0.139174E+001  0.205046E+001
  0.139435E+001  0.205629E+001
  0.139695E+001  0.206211E+001
  0.139955E+001  0.206792E+001
  0.140216E+001  0.207371E+001
  0.140476E+001  0.207949E+001
  0.140736E+001  0.208526E+001
  0.140997E+001  0.209102E+001
  0.141257E+001  0.209677E+001
  0.141517E+001  0.210250E+001
  0.141777E+001  0.210822E+001
  0.142038E+001  0.211393E+001
  0.142298E+001  0.211963E+001
  0.142558E+001  0.212532E+001
  0.142819E+001  0.213100E+001
  0.143079E+001  0.213666E+001
  0.143339E+001  0.214232E+001
  0.143600E+001  0.214796E+001
  0.143860E+001  0.215359E+001
  0.144120E+001  0.215922E+001
  0.144380E+001  0.216483E+001
  0.144641E+001  0.217043E+001
  0.144901E+001  0.217601E+001
  0.145161E+001  0.218159E+001
  0.145422E+001  0.218716E+001
  0.145682E+001  0.219272E+001
  0.145942E+001  0.219827E+001
  0.146203E+001  0.220380E+001
  0.146463E+001  0.220933E+001
  0.146723E+001  0.221485E+001
  0.146983E+001  0.222035E+001
  0.147244E+001  0.222585E+001
  0.147504E+001  0.223134E+001
  0.147764E+001  0.223682E+001
  0.148025E+001  0.224228E+001
  0.148285E+001  0.224774E+001
  0.148545E+001  0.225319E+001
  0.148806E+001  0.225863E+001
  0.149066E+001  0.226406E+001
  0.149326E+001  0.226948E+001
  0.149586E+001  0.227489E+001
  0.149847E+001  0.228029E+001
  0.150107E+001  0.228568E+001
  0.150367E+001  0.229107E+001
  0.150628E+001  0.229644E+001
  0.150888E+001  0.230180E+001
  0.151148E+001  0.230716E+001
  0.151409E+001  0.231251E+001
  0.151669E+001  0.231785E+001
  0.151929E+001  0.232318E+001
  0.152189E+001  0.232850E+001
  0.152450E+001  0.233381E+001
  0.152710E+001  0.233911E+001
  0.152970E+001  0.234441E+001
  0.153231E+001  0.234969E+001
  0.153491E+001  0.235497E+001
  0.153751E+001  0.236024E+001
  0.154012E+001  0.236550E+001
  0.154272E+001  0.237076E+001
  0.154532E+001  0.237600E+001
  0.154792E+001  0.238124E+001
  0.155053E+001  0.238647E+001
  0.155313E+001  0.239169E+001
  0.155573E+001  0.239690E+001
  0.155834E+001  0.240211E+001
  0.156094E+001  0.240731E+001
  0.156354E+001  0.241250E+001
  0.156615E+001  0.241768E+001
  0.156875E+001  0.242285E+001
  0.157135E+001  0.242802E+001
  0.157395E+001  0.243318E+001
  0.157656E+001  0.243833E+001
  0.157916E+001  0.244347E+001
  0.158176E+001  0.244861E+001
  0.158437E+001  0.245374E+001
  0.158697E+001  0.245886E+001
  0.158957E+001  0.246397E+001
  0.159218E+001  0.246908E+001
  0.159478E+001  0.247418E+001
  0.159738E+001  0.247927E+001
  0.159998E+001  0.248435E+001
  0.160259E+001  0.248943E+001
  0.160519E+001  0.249450E+001
  0.160779E+001  0.249957E+001
  0.161040E+001  0.250462E+001
  0.161300E+001  0.250967E+001
   
  0.161660E+001  0.251665E+001
  0.161840E+001  0.252013E+001
  0.162020E+001  0.252361E+001
  0.162200E+001  0.252708E+001
  0.162380E+001  0.253055E+001
  0.162560E+001  0.253402E+001
  0.162740E+001  0.253749E+001
  0.162920E+001  0.254095E+001
  0.163100E+001  0.254441E+001
  0.163280E+001  0.254786E+001
  0.163460E+001  0.255132E+001
  0.163640E+001  0.255477E+001
  0.163820E+001  0.255821E+001
  0.164000E+001  0.256166E+001
  0.164180E+001  0.256510E+001
  0.164360E+001  0.256853E+001
  0.164540E+001  0.257197E+001
  0.164720E+001  0.257540E+001
  0.164900E+001  0.257883E+001
  0.165080E+001  0.258225E+001
  0.165260E+001  0.258567E+001
  0.165440E+001  0.258909E+001
  0.165620E+001  0.259251E+001
  0.165800E+001  0.259592E+001
  0.165980E+001  0.259933E+001
  0.166160E+001  0.260274E+001
  0.166340E+001  0.260614E+001
  0.166520E+001  0.260954E+001
  0.166700E+001  0.261294E+001
  0.166880E+001  0.261633E+001
  0.167060E+001  0.261973E+001
  0.167240E+001  0.262312E+001
  0.167420E+001  0.262650E+001
  0.167600E+001  0.262989E+001
  0.167780E+001  0.263327E+001
  0.167960E+001  0.263664E+001
  0.168140E+001  0.264002E+001
  0.168320E+001  0.264339E+001
  0.168500E+001  0.264676E+001
  0.168680E+001  0.265013E+001
  0.168860E+001  0.265349E+001
  0.169040E+001  0.265685E+001
  0.169220E+001  0.266021E+001
  0.169400E+001  0.266356E+001
  0.169580E+001  0.266692E+001
  0.169760E+001  0.267027E+001
  0.169940E+001  0.267361E+001
  0.170120E+001  0.267696E+001
  0.170300E+001  0.268030E+001
  0.170480E+001  0.268364E+001
  0.170660E+001  0.268697E+001
  0.170840E+001  0.269031E+001
  0.171020E+001  0.269364E+001
  0.171200E+001  0.269697E+001
  0.171380E+001  0.270029E+001
  0.171560E+001  0.270362E+001
  0.171740E+001  0.270694E+001
  0.171920E+001  0.271025E+001
  0.172100E+001  0.271357E+001
  0.172280E+001  0.271688E+001
  0.172460E+001  0.272019E+001
  0.172640E+001  0.272350E+001
  0.172820E+001  0.272680E+001
  0.173000E+001  0.273010E+001
  0.173180E+001  0.273340E+001
  0.173360E+001  0.273670E+001
  0.173540E+001  0.273999E+001
  0.173720E+001  0.274329E+001
  0.173900E+001  0.274658E+001
  0.174080E+001  0.274986E+001
  0.174260E+001  0.275315E+001
  0.174440E+001  0.275643E+001
  0.174620E+001  0.275971E+001
  0.174800E+001  0.276298E+001
  0.174980E+001  0.276626E+001
  0.175160E+001  0.276953E+001
  0.175340E+001  0.277280E+001
  0.175520E+001  0.277607E+001
  0.175700E+001  0.277933E+001
  0.175880E+001  0.278259E+001
  0.176060E+001  0.278585E+001
  0.176240E+001  0.278911E+001
  0.176420E+001  0.279237E+001
  0.176600E+001  0.279562E+001
  0.176780E+001  0.279887E+001
  0.176960E+001  0.280212E+001
  0.177140E+001  0.280536E+001
  0.177320E+001  0.280860E+001
  0.177500E+001  0.281184E+001
  0.177680E+001  0.281508E+001
  0.177860E+001  0.281832E+001
  0.178040E+001  0.282155E+001
  0.178220E+001  0.282478E+001
  0.178400E+001  0.282801E+001
  0.178580E+001  0.283124E+001
  0.178760E+001  0.283446E+001
  0.178940E+001  0.283769E+001



