  0.901900E+000  0.109025E-001
  0.901900E+000  0.293547E-001
  0.906408E+000  0.191259E+000
  0.910916E+000  0.269063E+000
  0.915424E+000  0.329053E+000
  0.919932E+000  0.379762E+000
  0.924440E+000  0.424527E+000
  0.928948E+000  0.465066E+000
  0.933456E+000  0.502403E+000
  0.937964E+000  0.537206E+000
  0.942472E+000  0.569938E+000
  0.946980E+000  0.600937E+000
  0.951488E+000  0.630460E+000
  0.955996E+000  0.658704E+000
  0.960504E+000  0.685827E+000
  0.965012E+000  0.711958E+000
  0.969520E+000  0.737201E+000
  0.974028E+000  0.761645E+000
  0.978536E+000  0.785364E+000
  0.983044E+000  0.808423E+000
  0.987552E+000  0.830875E+000
  0.992060E+000  0.852769E+000
  0.996568E+000  0.874146E+000
  0.100108E+001  0.895044E+000
  0.100558E+001  0.915495E+000
  0.101009E+001  0.935528E+000
  0.101460E+001  0.955171E+000
  0.101911E+001  0.974445E+000
  0.102362E+001  0.993373E+000
  0.102812E+001  0.101197E+001
  0.103263E+001  0.103027E+001
  0.103714E+001  0.104826E+001
  0.104165E+001  0.106598E+001
  0.104616E+001  0.108344E+001
  0.105066E+001  0.110064E+001
  0.105517E+001  0.111760E+001
  0.105968E+001  0.113433E+001
  0.106419E+001  0.115085E+001
  0.106870E+001  0.116715E+001
  0.107320E+001  0.118325E+001
  0.107771E+001  0.119915E+001
  0.108222E+001  0.121487E+001
  0.108673E+001  0.123041E+001
  0.109124E+001  0.124578E+001
  0.109574E+001  0.126098E+001
  0.110025E+001  0.127602E+001
  0.110476E+001  0.129090E+001
  0.110927E+001  0.130564E+001
  0.111378E+001  0.132023E+001
  0.111828E+001  0.133468E+001
  0.112279E+001  0.134899E+001
  0.112730E+001  0.136318E+001
  0.113181E+001  0.137723E+001
  0.113632E+001  0.139117E+001
  0.114082E+001  0.140498E+001
  0.114533E+001  0.141868E+001
  0.114984E+001  0.143226E+001
  0.115435E+001  0.144573E+001
  0.115886E+001  0.145910E+001
  0.116336E+001  0.147235E+001
  0.116787E+001  0.148551E+001
  0.117238E+001  0.149857E+001
  0.117689E+001  0.151152E+001
  0.118140E+001  0.152437E+001
  0.118590E+001  0.153710E+001
  0.119041E+001  0.154962E+001
  0.119492E+001  0.156070E+001
  0.119943E+001  0.156746E+001
  0.120394E+001  0.157349E+001
  0.120844E+001  0.157944E+001
  0.121295E+001  0.158538E+001
  0.121746E+001  0.159130E+001
  0.122197E+001  0.159722E+001
  0.122648E+001  0.160313E+001
  0.123098E+001  0.160904E+001
  0.123549E+001  0.161496E+001
  0.124000E+001  0.162087E+001
  0.124451E+001  0.162678E+001
  0.124902E+001  0.163269E+001
  0.125352E+001  0.163860E+001
  0.125803E+001  0.164451E+001
  0.126254E+001  0.165042E+001
  0.126705E+001  0.165633E+001
  0.127156E+001  0.166224E+001
  0.127606E+001  0.166815E+001
  0.128057E+001  0.167405E+001
  0.128508E+001  0.167996E+001
  0.128959E+001  0.168587E+001
  0.129410E+001  0.169178E+001
  0.129860E+001  0.169769E+001
  0.130311E+001  0.170360E+001
  0.130762E+001  0.170951E+001
  0.131213E+001  0.171542E+001
  0.131664E+001  0.172132E+001
  0.132114E+001  0.172723E+001
  0.132565E+001  0.173314E+001
  0.133016E+001  0.173905E+001
  0.133467E+001  0.174496E+001
  0.133918E+001  0.175087E+001
  0.134368E+001  0.175677E+001
  0.134819E+001  0.176268E+001
  0.135270E+001  0.140725E-001
 0.135270E+001  0.176859E+001
  0.135530E+001  0.177200E+001
  0.135791E+001  0.177541E+001
  0.136051E+001  0.177882E+001
  0.136311E+001  0.178224E+001
  0.136571E+001  0.178565E+001
  0.136832E+001  0.178906E+001
  0.137092E+001  0.179247E+001
  0.137352E+001  0.179588E+001
  0.137613E+001  0.179929E+001
  0.137873E+001  0.180270E+001
  0.138133E+001  0.180612E+001
  0.138394E+001  0.180953E+001
  0.138654E+001  0.181294E+001
  0.138914E+001  0.181635E+001
  0.139174E+001  0.181976E+001
  0.139435E+001  0.182317E+001
  0.139695E+001  0.182659E+001
  0.139955E+001  0.183000E+001
  0.140216E+001  0.183341E+001
  0.140476E+001  0.183682E+001
  0.140736E+001  0.184023E+001
  0.140997E+001  0.184364E+001
  0.141257E+001  0.184705E+001
  0.141517E+001  0.185047E+001
  0.141777E+001  0.185388E+001
  0.142038E+001  0.185729E+001
  0.142298E+001  0.186070E+001
  0.142558E+001  0.186411E+001
  0.142819E+001  0.186752E+001
  0.143079E+001  0.187093E+001
  0.143339E+001  0.187435E+001
  0.143600E+001  0.187776E+001
  0.143860E+001  0.188117E+001
  0.144120E+001  0.188458E+001
  0.144380E+001  0.188799E+001
  0.144641E+001  0.189140E+001
  0.144901E+001  0.189481E+001
  0.145161E+001  0.189823E+001
  0.145422E+001  0.190164E+001
  0.145682E+001  0.190505E+001
  0.145942E+001  0.190846E+001
  0.146203E+001  0.191187E+001
  0.146463E+001  0.191528E+001
  0.146723E+001  0.191869E+001
  0.146983E+001  0.192211E+001
  0.147244E+001  0.192552E+001
  0.147504E+001  0.192893E+001
  0.147764E+001  0.193234E+001
  0.148025E+001  0.193575E+001
  0.148285E+001  0.193916E+001
  0.148545E+001  0.194257E+001
  0.148806E+001  0.194598E+001
  0.149066E+001  0.194940E+001
  0.149326E+001  0.195281E+001
  0.149586E+001  0.195622E+001
  0.149847E+001  0.195963E+001
  0.150107E+001  0.196304E+001
  0.150367E+001  0.196645E+001
  0.150628E+001  0.196986E+001
  0.150888E+001  0.197328E+001
  0.151148E+001  0.197669E+001
  0.151409E+001  0.198010E+001
  0.151669E+001  0.198351E+001
  0.151929E+001  0.198692E+001
  0.152189E+001  0.199033E+001
  0.152450E+001  0.199374E+001
  0.152710E+001  0.199716E+001
  0.152970E+001  0.200057E+001
  0.153231E+001  0.200398E+001
  0.153491E+001  0.200739E+001
  0.153751E+001  0.201080E+001
  0.154012E+001  0.201421E+001
  0.154272E+001  0.201762E+001
  0.154532E+001  0.202104E+001
  0.154792E+001  0.202445E+001
  0.155053E+001  0.202786E+001
  0.155313E+001  0.203127E+001
  0.155573E+001  0.203468E+001
  0.155834E+001  0.203809E+001
  0.156094E+001  0.204150E+001
  0.156354E+001  0.204492E+001
  0.156615E+001  0.204833E+001
  0.156875E+001  0.205174E+001
  0.157135E+001  0.205515E+001
  0.157395E+001  0.205856E+001
  0.157656E+001  0.206197E+001
  0.157916E+001  0.206538E+001
  0.158176E+001  0.206880E+001
  0.158437E+001  0.207221E+001
  0.158697E+001  0.207562E+001
  0.158957E+001  0.207903E+001
  0.159218E+001  0.208244E+001
  0.159478E+001  0.208585E+001
  0.159738E+001  0.208926E+001
  0.159998E+001  0.209267E+001
  0.160259E+001  0.209609E+001
  0.160519E+001  0.209950E+001
  0.160779E+001  0.210291E+001
  0.161040E+001  0.210632E+001
  0.161300E+001  0.210973E+001
 0.161300E+001  0.210973E+001
  0.161480E+001  0.211209E+001
  0.161660E+001  0.211445E+001
  0.161840E+001  0.211681E+001
  0.162020E+001  0.211917E+001
  0.162200E+001  0.212153E+001
  0.162380E+001  0.212389E+001
  0.162560E+001  0.212624E+001
  0.162740E+001  0.212860E+001
  0.162920E+001  0.213096E+001
  0.163100E+001  0.213332E+001
  0.163280E+001  0.213568E+001
  0.163460E+001  0.213804E+001
  0.163640E+001  0.214040E+001
  0.163820E+001  0.214276E+001
  0.164000E+001  0.214512E+001
  0.164180E+001  0.214748E+001
  0.164360E+001  0.214983E+001
  0.164540E+001  0.215219E+001
  0.164720E+001  0.215455E+001
  0.164900E+001  0.215691E+001
  0.165080E+001  0.215927E+001
  0.165260E+001  0.216163E+001
  0.165440E+001  0.216399E+001
  0.165620E+001  0.216635E+001
  0.165800E+001  0.216871E+001
  0.165980E+001  0.217107E+001
  0.166160E+001  0.217342E+001
  0.166340E+001  0.217578E+001
  0.166520E+001  0.217814E+001
  0.166700E+001  0.218050E+001
  0.166880E+001  0.218286E+001
  0.167060E+001  0.218522E+001
  0.167240E+001  0.218758E+001
  0.167420E+001  0.218994E+001
  0.167600E+001  0.219230E+001
  0.167780E+001  0.219466E+001
  0.167960E+001  0.219701E+001
  0.168140E+001  0.219937E+001
  0.168320E+001  0.220173E+001
  0.168500E+001  0.220409E+001
  0.168680E+001  0.220645E+001
  0.168860E+001  0.220881E+001
  0.169040E+001  0.221117E+001
  0.169220E+001  0.221353E+001
  0.169400E+001  0.221589E+001
  0.169580E+001  0.221825E+001
  0.169760E+001  0.222060E+001
  0.169940E+001  0.222296E+001
  0.170120E+001  0.222532E+001
  0.170300E+001  0.222768E+001
  0.170480E+001  0.223004E+001
  0.170660E+001  0.223240E+001
  0.170840E+001  0.223476E+001
  0.171020E+001  0.223712E+001
  0.171200E+001  0.223948E+001
  0.171380E+001  0.224184E+001
  0.171560E+001  0.224419E+001
  0.171740E+001  0.224655E+001
  0.171920E+001  0.224891E+001
  0.172100E+001  0.225127E+001
  0.172280E+001  0.225363E+001
  0.172460E+001  0.225599E+001
  0.172640E+001  0.225835E+001
  0.172820E+001  0.226071E+001
  0.173000E+001  0.226307E+001
  0.173180E+001  0.226543E+001
  0.173360E+001  0.226778E+001
  0.173540E+001  0.227014E+001
  0.173720E+001  0.227250E+001
  0.173900E+001  0.227486E+001
  0.174080E+001  0.227722E+001
  0.174260E+001  0.227958E+001
  0.174440E+001  0.228194E+001
  0.174620E+001  0.228430E+001
  0.174800E+001  0.228666E+001
  0.174980E+001  0.228902E+001
  0.175160E+001  0.229137E+001
  0.175340E+001  0.229373E+001
  0.175520E+001  0.229609E+001
  0.175700E+001  0.229845E+001
  0.175880E+001  0.230081E+001
  0.176060E+001  0.230317E+001
  0.176240E+001  0.230553E+001
  0.176420E+001  0.230789E+001
  0.176600E+001  0.231025E+001
  0.176780E+001  0.231261E+001
  0.176960E+001  0.231496E+001
  0.177140E+001  0.231732E+001
  0.177320E+001  0.231968E+001
  0.177500E+001  0.232204E+001
  0.177680E+001  0.232440E+001
  0.177860E+001  0.232676E+001
  0.178040E+001  0.232912E+001
  0.178220E+001  0.233148E+001
  0.178400E+001  0.233384E+001
  0.178580E+001  0.233620E+001
  0.178760E+001  0.233855E+001
  0.178940E+001  0.234091E+001
  0.179120E+001  0.275057E+001
  0.179300E+001  0.275298E+001
