  0.000000E+000  0.000000E+000
  0.599059E+000  0.785479E+000
  0.602118E+000  0.793925E+000
  0.605177E+000  0.802297E+000
  0.608236E+000  0.810597E+000
  0.611295E+000  0.818827E+000
  0.614354E+000  0.826989E+000
  0.617413E+000  0.835085E+000
  0.620472E+000  0.843117E+000
  0.623531E+000  0.851088E+000
  0.626590E+000  0.858997E+000
  0.629649E+000  0.866848E+000
  0.632708E+000  0.874642E+000
  0.635767E+000  0.882380E+000
  0.638826E+000  0.890063E+000
  0.641885E+000  0.897694E+000
  0.644944E+000  0.905273E+000
  0.648003E+000  0.912802E+000
  0.651062E+000  0.920281E+000
  0.654121E+000  0.927713E+000
  0.657180E+000  0.935098E+000
  0.660239E+000  0.942437E+000
  0.663298E+000  0.949731E+000
  0.666357E+000  0.956982E+000
  0.669416E+000  0.964190E+000
  0.672475E+000  0.971357E+000
  0.675534E+000  0.978482E+000
  0.678593E+000  0.985568E+000
  0.681652E+000  0.992614E+000
  0.684711E+000  0.999622E+000
  0.687770E+000  0.100659E+001
  0.690829E+000  0.101353E+001
  0.693888E+000  0.102042E+001
  0.696947E+000  0.102729E+001
  0.700006E+000  0.103412E+001
  0.703065E+000  0.104091E+001
  0.706124E+000  0.104767E+001
  0.709183E+000  0.105440E+001
  0.712242E+000  0.106110E+001
  0.715301E+000  0.106776E+001
  0.718360E+000  0.107439E+001
  0.721419E+000  0.108100E+001
  0.724478E+000  0.108757E+001
  0.727537E+000  0.109412E+001
  0.730596E+000  0.110063E+001
  0.733655E+000  0.110712E+001
  0.736714E+000  0.111358E+001
  0.739773E+000  0.112002E+001
  0.742832E+000  0.112642E+001
  0.745891E+000  0.113280E+001
  0.748950E+000  0.113916E+001
  0.752009E+000  0.114549E+001
  0.755068E+000  0.115179E+001
  0.758127E+000  0.115807E+001
  0.761186E+000  0.116432E+001
  0.764245E+000  0.117055E+001
  0.767304E+000  0.117676E+001
  0.770363E+000  0.118295E+001
  0.773422E+000  0.118911E+001
  0.776481E+000  0.119525E+001
  0.779540E+000  0.120137E+001
  0.782599E+000  0.120746E+001
  0.785658E+000  0.121354E+001
  0.788717E+000  0.121959E+001
  0.791776E+000  0.122562E+001
  0.794835E+000  0.123164E+001
  0.797894E+000  0.123763E+001
  0.800953E+000  0.124360E+001
  0.804012E+000  0.124955E+001
  0.807071E+000  0.125549E+001
  0.810130E+000  0.126140E+001
  0.813189E+000  0.126730E+001
  0.816248E+000  0.127317E+001
  0.819307E+000  0.127903E+001
  0.822366E+000  0.128487E+001
  0.825425E+000  0.129070E+001
  0.828484E+000  0.129650E+001
  0.831543E+000  0.130229E+001
  0.834602E+000  0.130806E+001
  0.837661E+000  0.131382E+001
  0.840720E+000  0.131956E+001
  0.843779E+000  0.132528E+001
  0.846838E+000  0.133098E+001
  0.849897E+000  0.133667E+001
  0.852956E+000  0.134235E+001
  0.856015E+000  0.134800E+001
  0.859074E+000  0.135365E+001
  0.862133E+000  0.135928E+001
  0.865192E+000  0.136489E+001
  0.868251E+000  0.137049E+001
  0.871310E+000  0.137607E+001
  0.874369E+000  0.138164E+001
  0.877428E+000  0.138719E+001
  0.880487E+000  0.139273E+001
  0.883546E+000  0.139826E+001
  0.886605E+000  0.140377E+001
  0.889664E+000  0.140927E+001
  0.892723E+000  0.141476E+001
  0.895782E+000  0.142023E+001
  0.898841E+000  0.142569E+001
  0.901900E+000  0.293547E-001
