  0.450800E+000  0.586586E+000  0.100000E+001  0.158593E-002
  0.452252E+000  0.731613E-001  0.200000E+001  0.654309E-001
  0.453704E+000  0.105380E+000  0.200000E+001  0.453729E-001
  0.455156E+000  0.129873E+000  0.200000E+001  0.367519E-001
  0.456608E+000  0.150455E+000  0.200000E+001  0.316637E-001
  0.458060E+000  0.168564E+000  0.200000E+001  0.282062E-001
  0.459512E+000  0.184926E+000  0.200000E+001  0.256587E-001
  0.460964E+000  0.199969E+000  0.200000E+001  0.236801E-001
  0.462416E+000  0.213973E+000  0.200000E+001  0.220850E-001
  0.463868E+000  0.227129E+000  0.200000E+001  0.207631E-001
  0.465320E+000  0.239577E+000  0.200000E+001  0.196438E-001
  0.466772E+000  0.251421E+000  0.200000E+001  0.186799E-001
  0.468224E+000  0.262744E+000  0.200000E+001  0.178382E-001
  0.469676E+000  0.273609E+000  0.200000E+001  0.170946E-001
  0.471128E+000  0.284070E+000  0.200000E+001  0.164314E-001
  0.472580E+000  0.294170E+000  0.200000E+001  0.158348E-001
  0.474032E+000  0.303944E+000  0.200000E+001  0.152943E-001
  0.475484E+000  0.313422E+000  0.200000E+001  0.148015E-001
  0.476936E+000  0.322632E+000  0.200000E+001  0.143497E-001
  0.478388E+000  0.331595E+000  0.200000E+001  0.139335E-001
  0.479840E+000  0.340331E+000  0.200000E+001  0.135484E-001
  0.481292E+000  0.348856E+000  0.200000E+001  0.131906E-001
  0.482744E+000  0.357187E+000  0.200000E+001  0.128571E-001
  0.484196E+000  0.365335E+000  0.200000E+001  0.125451E-001
  0.485648E+000  0.373314E+000  0.200000E+001  0.122524E-001
  0.487100E+000  0.381133E+000  0.200000E+001  0.119771E-001
  0.488552E+000  0.388802E+000  0.200000E+001  0.117174E-001
  0.490004E+000  0.396331E+000  0.200000E+001  0.114720E-001
  0.491456E+000  0.403726E+000  0.200000E+001  0.112396E-001
  0.492908E+000  0.410995E+000  0.200000E+001  0.110190E-001
  0.494360E+000  0.418145E+000  0.200000E+001  0.108093E-001
  0.495812E+000  0.425181E+000  0.200000E+001  0.106095E-001
  0.497264E+000  0.432110E+000  0.200000E+001  0.104190E-001
  0.498716E+000  0.438935E+000  0.200000E+001  0.102370E-001
  0.500168E+000  0.445663E+000  0.200000E+001  0.100628E-001
  0.501620E+000  0.452297E+000  0.200000E+001  0.989598E-002
  0.503072E+000  0.458841E+000  0.200000E+001  0.973598E-002
  0.504524E+000  0.465299E+000  0.200000E+001  0.958233E-002
  0.505976E+000  0.471675E+000  0.200000E+001  0.943463E-002
  0.507428E+000  0.477972E+000  0.200000E+001  0.929249E-002
  0.508880E+000  0.484193E+000  0.200000E+001  0.915557E-002
  0.510332E+000  0.490340E+000  0.200000E+001  0.902355E-002
  0.511784E+000  0.496417E+000  0.200000E+001  0.889615E-002
  0.513236E+000  0.502427E+000  0.200000E+001  0.877310E-002
  0.514688E+000  0.508371E+000  0.200000E+001  0.865415E-002
  0.516140E+000  0.514251E+000  0.200000E+001  0.853908E-002
  0.517592E+000  0.520071E+000  0.200000E+001  0.842767E-002
  0.519044E+000  0.525831E+000  0.200000E+001  0.831975E-002
  0.520496E+000  0.531534E+000  0.200000E+001  0.821512E-002
  0.521948E+000  0.537182E+000  0.200000E+001  0.811362E-002
  0.523400E+000  0.542777E+000  0.200000E+001  0.801509E-002
  0.524852E+000  0.548319E+000  0.200000E+001  0.791940E-002
  0.526304E+000  0.553811E+000  0.200000E+001  0.782641E-002
  0.527756E+000  0.559254E+000  0.200000E+001  0.773599E-002
  0.529208E+000  0.564649E+000  0.200000E+001  0.764802E-002
  0.530660E+000  0.569999E+000  0.200000E+001  0.756240E-002
  0.532112E+000  0.575303E+000  0.200000E+001  0.747902E-002
  0.533564E+000  0.580563E+000  0.200000E+001  0.739778E-002
  0.535016E+000  0.585781E+000  0.200000E+001  0.731860E-002
  0.536468E+000  0.590958E+000  0.200000E+001  0.724139E-002
  0.537920E+000  0.596094E+000  0.200000E+001  0.716606E-002
  0.539372E+000  0.601191E+000  0.200000E+001  0.709255E-002
  0.540824E+000  0.606250E+000  0.200000E+001  0.702077E-002
  0.542276E+000  0.611271E+000  0.200000E+001  0.695067E-002
  0.543728E+000  0.616256E+000  0.200000E+001  0.688218E-002
  0.545180E+000  0.621206E+000  0.200000E+001  0.681523E-002
  0.546632E+000  0.626120E+000  0.200000E+001  0.674977E-002
  0.548084E+000  0.631001E+000  0.200000E+001  0.668575E-002
  0.549536E+000  0.635848E+000  0.200000E+001  0.662311E-002
  0.550988E+000  0.640663E+000  0.200000E+001  0.656180E-002
  0.552440E+000  0.645446E+000  0.200000E+001  0.650179E-002
  0.553892E+000  0.650199E+000  0.200000E+001  0.644301E-002
  0.555344E+000  0.654921E+000  0.200000E+001  0.638544E-002
  0.556796E+000  0.659613E+000  0.200000E+001  0.632903E-002
  0.558248E+000  0.664276E+000  0.200000E+001  0.627373E-002
  0.559700E+000  0.668911E+000  0.200000E+001  0.621953E-002
  0.561152E+000  0.673518E+000  0.200000E+001  0.616637E-002
  0.562604E+000  0.678097E+000  0.200000E+001  0.611424E-002
  0.564056E+000  0.682650E+000  0.200000E+001  0.606309E-002
  0.565508E+000  0.687176E+000  0.200000E+001  0.601289E-002
  0.566960E+000  0.691677E+000  0.200000E+001  0.596362E-002
  0.568412E+000  0.696153E+000  0.200000E+001  0.591524E-002
  0.569864E+000  0.700604E+000  0.200000E+001  0.586774E-002
  0.571316E+000  0.705030E+000  0.200000E+001  0.582108E-002
  0.572768E+000  0.709433E+000  0.200000E+001  0.577525E-002
  0.574220E+000  0.713812E+000  0.200000E+001  0.573021E-002
  0.575672E+000  0.718168E+000  0.200000E+001  0.568594E-002
  0.577124E+000  0.722502E+000  0.200000E+001  0.564243E-002
  0.578576E+000  0.726814E+000  0.200000E+001  0.559965E-002
  0.580028E+000  0.731104E+000  0.200000E+001  0.555758E-002
  0.581480E+000  0.735372E+000  0.200000E+001  0.551620E-002
  0.582932E+000  0.739620E+000  0.200000E+001  0.547550E-002
  0.584384E+000  0.743846E+000  0.200000E+001  0.543545E-002
  0.585836E+000  0.748053E+000  0.200000E+001  0.539603E-002
  0.587288E+000  0.752239E+000  0.200000E+001  0.535723E-002
  0.588740E+000  0.756406E+000  0.200000E+001  0.531902E-002
  0.590192E+000  0.760553E+000  0.200000E+001  0.528138E-002
  0.591644E+000  0.764682E+000  0.200000E+001  0.524425E-002
  0.593096E+000  0.768791E+000  0.200000E+001  0.520744E-002
  0.594548E+000  0.772883E+000  0.200000E+001  0.516948E-002
  0.596000E+000  0.776956E+000  0.100000E+001  0.715432E-002
  0.599059E+000  0.785479E+000  0.200000E+001  0.506346E-002
  0.602118E+000  0.793925E+000  0.200000E+001  0.499328E-002
  0.605177E+000  0.802297E+000  0.200000E+001  0.492485E-002
  0.608236E+000  0.810597E+000  0.200000E+001  0.485837E-002
  0.611295E+000  0.818827E+000  0.200000E+001  0.479378E-002
  0.614354E+000  0.826989E+000  0.200000E+001  0.473100E-002
  0.617413E+000  0.835085E+000  0.200000E+001  0.466995E-002
  0.620472E+000  0.843117E+000  0.200000E+001  0.461057E-002
  0.623531E+000  0.851088E+000  0.200000E+001  0.455276E-002
  0.626590E+000  0.858997E+000  0.200000E+001  0.449648E-002
  0.629649E+000  0.866848E+000  0.200000E+001  0.444166E-002
  0.632708E+000  0.874642E+000  0.200000E+001  0.438823E-002
  0.635767E+000  0.882380E+000  0.200000E+001  0.433614E-002
  0.638826E+000  0.890063E+000  0.200000E+001  0.428534E-002
  0.641885E+000  0.897694E+000  0.200000E+001  0.423578E-002
  0.644944E+000  0.905273E+000  0.200000E+001  0.418741E-002
  0.648003E+000  0.912802E+000  0.200000E+001  0.414018E-002
  0.651062E+000  0.920281E+000  0.200000E+001  0.409405E-002
  0.654121E+000  0.927713E+000  0.200000E+001  0.404899E-002
  0.657180E+000  0.935098E+000  0.200000E+001  0.400495E-002
  0.660239E+000  0.942437E+000  0.200000E+001  0.396190E-002
  0.663298E+000  0.949731E+000  0.200000E+001  0.391979E-002
  0.666357E+000  0.956982E+000  0.200000E+001  0.387861E-002
  0.669416E+000  0.964190E+000  0.200000E+001  0.383832E-002
  0.672475E+000  0.971357E+000  0.200000E+001  0.379888E-002
  0.675534E+000  0.978482E+000  0.200000E+001  0.376027E-002
  0.678593E+000  0.985568E+000  0.200000E+001  0.372247E-002
  0.681652E+000  0.992614E+000  0.200000E+001  0.368544E-002
  0.684711E+000  0.999622E+000  0.200000E+001  0.364916E-002
  0.687770E+000  0.100659E+001  0.200000E+001  0.361361E-002
  0.690829E+000  0.101353E+001  0.200000E+001  0.357877E-002
  0.693888E+000  0.102042E+001  0.200000E+001  0.354461E-002
  0.696947E+000  0.102729E+001  0.200000E+001  0.351111E-002
  0.700006E+000  0.103412E+001  0.200000E+001  0.347825E-002
  0.703065E+000  0.104091E+001  0.200000E+001  0.344602E-002
  0.706124E+000  0.104767E+001  0.200000E+001  0.341439E-002
  0.709183E+000  0.105440E+001  0.200000E+001  0.338335E-002
  0.712242E+000  0.106110E+001  0.200000E+001  0.335288E-002
  0.715301E+000  0.106776E+001  0.200000E+001  0.332297E-002
  0.718360E+000  0.107439E+001  0.200000E+001  0.329359E-002
  0.721419E+000  0.108100E+001  0.200000E+001  0.326474E-002
  0.724478E+000  0.108757E+001  0.200000E+001  0.323640E-002
  0.727537E+000  0.109412E+001  0.200000E+001  0.320855E-002
  0.730596E+000  0.110063E+001  0.200000E+001  0.318119E-002
  0.733655E+000  0.110712E+001  0.200000E+001  0.315429E-002
  0.736714E+000  0.111358E+001  0.200000E+001  0.312786E-002
  0.739773E+000  0.112002E+001  0.200000E+001  0.310186E-002
  0.742832E+000  0.112642E+001  0.200000E+001  0.307631E-002
  0.745891E+000  0.113280E+001  0.200000E+001  0.305117E-002
  0.748950E+000  0.113916E+001  0.200000E+001  0.302645E-002
  0.752009E+000  0.114549E+001  0.200000E+001  0.300212E-002
  0.755068E+000  0.115179E+001  0.200000E+001  0.297819E-002
  0.758127E+000  0.115807E+001  0.200000E+001  0.295465E-002
  0.761186E+000  0.116432E+001  0.200000E+001  0.293147E-002
  0.764245E+000  0.117055E+001  0.200000E+001  0.290866E-002
  0.767304E+000  0.117676E+001  0.200000E+001  0.288620E-002
  0.770363E+000  0.118295E+001  0.200000E+001  0.286409E-002
  0.773422E+000  0.118911E+001  0.200000E+001  0.284232E-002
  0.776481E+000  0.119525E+001  0.200000E+001  0.282088E-002
  0.779540E+000  0.120137E+001  0.200000E+001  0.279977E-002
  0.782599E+000  0.120746E+001  0.200000E+001  0.277896E-002
  0.785658E+000  0.121354E+001  0.200000E+001  0.275847E-002
  0.788717E+000  0.121959E+001  0.200000E+001  0.273828E-002
  0.791776E+000  0.122562E+001  0.200000E+001  0.271838E-002
  0.794835E+000  0.123164E+001  0.200000E+001  0.269877E-002
  0.797894E+000  0.123763E+001  0.200000E+001  0.267945E-002
  0.800953E+000  0.124360E+001  0.200000E+001  0.266039E-002
  0.804012E+000  0.124955E+001  0.200000E+001  0.264161E-002
  0.807071E+000  0.125549E+001  0.200000E+001  0.262310E-002
  0.810130E+000  0.126140E+001  0.200000E+001  0.260484E-002
  0.813189E+000  0.126730E+001  0.200000E+001  0.258683E-002
  0.816248E+000  0.127317E+001  0.200000E+001  0.256907E-002
  0.819307E+000  0.127903E+001  0.200000E+001  0.255156E-002
  0.822366E+000  0.128487E+001  0.200000E+001  0.253428E-002
  0.825425E+000  0.129070E+001  0.200000E+001  0.251724E-002
  0.828484E+000  0.129650E+001  0.200000E+001  0.250042E-002
  0.831543E+000  0.130229E+001  0.200000E+001  0.248382E-002
  0.834602E+000  0.130806E+001  0.200000E+001  0.246745E-002
  0.837661E+000  0.131382E+001  0.200000E+001  0.245129E-002
  0.840720E+000  0.131956E+001  0.200000E+001  0.243534E-002
  0.843779E+000  0.132528E+001  0.200000E+001  0.241960E-002
  0.846838E+000  0.133098E+001  0.200000E+001  0.240406E-002
  0.849897E+000  0.133667E+001  0.200000E+001  0.238871E-002
  0.852956E+000  0.134235E+001  0.200000E+001  0.237356E-002
  0.856015E+000  0.134800E+001  0.200000E+001  0.235861E-002
  0.859074E+000  0.135365E+001  0.200000E+001  0.234384E-002
  0.862133E+000  0.135928E+001  0.200000E+001  0.232925E-002
  0.865192E+000  0.136489E+001  0.200000E+001  0.231484E-002
  0.868251E+000  0.137049E+001  0.200000E+001  0.230062E-002
  0.871310E+000  0.137607E+001  0.200000E+001  0.228656E-002
  0.874369E+000  0.138164E+001  0.200000E+001  0.227268E-002
  0.877428E+000  0.138719E+001  0.200000E+001  0.225896E-002
  0.880487E+000  0.139273E+001  0.200000E+001  0.224541E-002
  0.883546E+000  0.139826E+001  0.200000E+001  0.223201E-002
  0.886605E+000  0.140377E+001  0.200000E+001  0.221878E-002
  0.889664E+000  0.140927E+001  0.200000E+001  0.220570E-002
  0.892723E+000  0.141476E+001  0.200000E+001  0.219278E-002
  0.895782E+000  0.142023E+001  0.200000E+001  0.218001E-002
  0.898841E+000  0.142569E+001  0.200000E+001  0.216738E-002
  0.901900E+000  0.293547E-001  0.400000E+001  0.163065E+000
 0.901900E+000  0.117780E+001  0.400000E+001  0.785455E-003
  0.906408E+000  0.143914E+001  0.300000E+001  0.213677E-002
  0.910916E+000  0.144712E+001  0.300000E+001  0.211894E-002
  0.915424E+000  0.145507E+001  0.300000E+001  0.210140E-002
  0.919932E+000  0.146299E+001  0.300000E+001  0.208415E-002
  0.924440E+000  0.147088E+001  0.300000E+001  0.206718E-002
  0.928948E+000  0.147876E+001  0.300000E+001  0.205049E-002
  0.933456E+000  0.148660E+001  0.300000E+001  0.203406E-002
  0.937964E+000  0.149442E+001  0.300000E+001  0.201790E-002
  0.942472E+000  0.150222E+001  0.300000E+001  0.200199E-002
  0.946980E+000  0.150999E+001  0.300000E+001  0.198632E-002
  0.951488E+000  0.151774E+001  0.300000E+001  0.197090E-002
  0.955996E+000  0.152547E+001  0.300000E+001  0.195572E-002
  0.960504E+000  0.153317E+001  0.300000E+001  0.194077E-002
  0.965012E+000  0.154085E+001  0.300000E+001  0.192605E-002
  0.969520E+000  0.154851E+001  0.300000E+001  0.191155E-002
  0.974028E+000  0.155614E+001  0.300000E+001  0.189726E-002
  0.978536E+000  0.156376E+001  0.300000E+001  0.188319E-002
  0.983044E+000  0.157135E+001  0.300000E+001  0.186932E-002
  0.987552E+000  0.157892E+001  0.300000E+001  0.185566E-002
  0.992060E+000  0.158647E+001  0.300000E+001  0.184220E-002
  0.996568E+000  0.159401E+001  0.300000E+001  0.182893E-002
  0.100108E+001  0.160152E+001  0.300000E+001  0.181585E-002
  0.100558E+001  0.160901E+001  0.300000E+001  0.180295E-002
  0.101009E+001  0.161648E+001  0.300000E+001  0.179024E-002
  0.101460E+001  0.162393E+001  0.300000E+001  0.177771E-002
  0.101911E+001  0.163137E+001  0.300000E+001  0.176535E-002
  0.102362E+001  0.163878E+001  0.300000E+001  0.175316E-002
  0.102812E+001  0.164618E+001  0.300000E+001  0.174114E-002
  0.103263E+001  0.165356E+001  0.300000E+001  0.172928E-002
  0.103714E+001  0.166092E+001  0.300000E+001  0.171759E-002
  0.104165E+001  0.166827E+001  0.300000E+001  0.170605E-002
  0.104616E+001  0.167559E+001  0.300000E+001  0.169466E-002
  0.105066E+001  0.168290E+001  0.300000E+001  0.168343E-002
  0.105517E+001  0.169019E+001  0.300000E+001  0.167235E-002
  0.105968E+001  0.169747E+001  0.300000E+001  0.166141E-002
  0.106419E+001  0.170473E+001  0.300000E+001  0.165061E-002
  0.106870E+001  0.171197E+001  0.300000E+001  0.163996E-002
  0.107320E+001  0.171920E+001  0.300000E+001  0.162944E-002
  0.107771E+001  0.172641E+001  0.300000E+001  0.161906E-002
  0.108222E+001  0.173360E+001  0.300000E+001  0.160881E-002
  0.108673E+001  0.174078E+001  0.300000E+001  0.159868E-002
  0.109124E+001  0.174795E+001  0.300000E+001  0.158869E-002
  0.109574E+001  0.175510E+001  0.300000E+001  0.157882E-002
  0.110025E+001  0.176223E+001  0.300000E+001  0.156907E-002
  0.110476E+001  0.176935E+001  0.300000E+001  0.155945E-002
  0.110927E+001  0.177646E+001  0.300000E+001  0.154994E-002
  0.111378E+001  0.178355E+001  0.300000E+001  0.154055E-002
  0.111828E+001  0.179063E+001  0.300000E+001  0.153127E-002
  0.112279E+001  0.179769E+001  0.300000E+001  0.152210E-002
  0.112730E+001  0.180474E+001  0.300000E+001  0.151305E-002
  0.113181E+001  0.181178E+001  0.300000E+001  0.150410E-002
  0.113632E+001  0.181880E+001  0.300000E+001  0.149525E-002
  0.114082E+001  0.182581E+001  0.300000E+001  0.148652E-002
  0.114533E+001  0.183281E+001  0.300000E+001  0.147788E-002
  0.114984E+001  0.183979E+001  0.300000E+001  0.146935E-002
  0.115435E+001  0.184676E+001  0.300000E+001  0.146091E-002
  0.115886E+001  0.185372E+001  0.300000E+001  0.145257E-002
  0.116336E+001  0.186067E+001  0.300000E+001  0.144433E-002
  0.116787E+001  0.186760E+001  0.300000E+001  0.143618E-002
  0.117238E+001  0.187452E+001  0.300000E+001  0.142812E-002
  0.117689E+001  0.188143E+001  0.300000E+001  0.142016E-002
  0.118140E+001  0.188833E+001  0.300000E+001  0.141228E-002
  0.118590E+001  0.189522E+001  0.300000E+001  0.140449E-002
  0.119041E+001  0.190209E+001  0.300000E+001  0.139679E-002
  0.119492E+001  0.190895E+001  0.300000E+001  0.138917E-002
  0.119943E+001  0.191580E+001  0.300000E+001  0.138164E-002
  0.120394E+001  0.192264E+001  0.300000E+001  0.137418E-002
  0.120844E+001  0.192947E+001  0.300000E+001  0.136681E-002
  0.121295E+001  0.193629E+001  0.300000E+001  0.135952E-002
  0.121746E+001  0.194310E+001  0.300000E+001  0.135231E-002
  0.122197E+001  0.194990E+001  0.300000E+001  0.134517E-002
  0.122648E+001  0.195668E+001  0.300000E+001  0.133811E-002
  0.123098E+001  0.196346E+001  0.300000E+001  0.133113E-002
  0.123549E+001  0.197022E+001  0.300000E+001  0.132422E-002
  0.124000E+001  0.197698E+001  0.300000E+001  0.131738E-002
  0.124451E+001  0.198372E+001  0.300000E+001  0.131061E-002
  0.124902E+001  0.199046E+001  0.300000E+001  0.130391E-002
  0.125352E+001  0.199718E+001  0.300000E+001  0.129728E-002
  0.125803E+001  0.200390E+001  0.300000E+001  0.129072E-002
  0.126254E+001  0.201060E+001  0.300000E+001  0.128423E-002
  0.126705E+001  0.201730E+001  0.300000E+001  0.127780E-002
  0.127156E+001  0.202399E+001  0.300000E+001  0.127144E-002
  0.127606E+001  0.203066E+001  0.300000E+001  0.126514E-002
  0.128057E+001  0.203733E+001  0.300000E+001  0.125890E-002
  0.128508E+001  0.204399E+001  0.300000E+001  0.125273E-002
  0.128959E+001  0.205064E+001  0.300000E+001  0.124662E-002
  0.129410E+001  0.205728E+001  0.300000E+001  0.124057E-002
  0.129860E+001  0.206391E+001  0.300000E+001  0.123457E-002
  0.130311E+001  0.207054E+001  0.300000E+001  0.122864E-002
  0.130762E+001  0.207715E+001  0.300000E+001  0.122276E-002
  0.131213E+001  0.208376E+001  0.300000E+001  0.121694E-002
  0.131664E+001  0.209035E+001  0.300000E+001  0.121118E-002
  0.132114E+001  0.209694E+001  0.300000E+001  0.120547E-002
  0.132565E+001  0.210352E+001  0.300000E+001  0.119982E-002
  0.133016E+001  0.211010E+001  0.300000E+001  0.119422E-002
  0.133467E+001  0.211666E+001  0.300000E+001  0.118867E-002
  0.133918E+001  0.212322E+001  0.300000E+001  0.118318E-002
  0.134368E+001  0.212976E+001  0.300000E+001  0.117773E-002
  0.134819E+001  0.213630E+001  0.300000E+001  0.117234E-002
  0.135270E+001  0.196141E+001  0.400000E+001  0.185815E-002
 0.135270E+001  0.214284E+001  0.400000E+001  0.116700E-002
  0.135530E+001  0.214661E+001  0.400000E+001  0.116394E-002
  0.135791E+001  0.215037E+001  0.400000E+001  0.116089E-002
  0.136051E+001  0.215413E+001  0.400000E+001  0.115786E-002
  0.136311E+001  0.215790E+001  0.400000E+001  0.115485E-002
  0.136571E+001  0.216165E+001  0.400000E+001  0.115185E-002
  0.136832E+001  0.216541E+001  0.400000E+001  0.114887E-002
  0.137092E+001  0.216916E+001  0.400000E+001  0.114590E-002
  0.137352E+001  0.217291E+001  0.400000E+001  0.114295E-002
  0.137613E+001  0.217666E+001  0.400000E+001  0.114001E-002
  0.137873E+001  0.218041E+001  0.400000E+001  0.113709E-002
  0.138133E+001  0.218415E+001  0.400000E+001  0.113419E-002
  0.138394E+001  0.218789E+001  0.400000E+001  0.113130E-002
  0.138654E+001  0.219163E+001  0.400000E+001  0.112842E-002
  0.138914E+001  0.219537E+001  0.400000E+001  0.112556E-002
  0.139174E+001  0.219910E+001  0.400000E+001  0.112272E-002
  0.139435E+001  0.220283E+001  0.400000E+001  0.111989E-002
  0.139695E+001  0.220656E+001  0.400000E+001  0.111707E-002
  0.139955E+001  0.221029E+001  0.400000E+001  0.111427E-002
  0.140216E+001  0.221401E+001  0.400000E+001  0.111148E-002
  0.140476E+001  0.221774E+001  0.400000E+001  0.110871E-002
  0.140736E+001  0.222146E+001  0.400000E+001  0.110595E-002
  0.140997E+001  0.222517E+001  0.400000E+001  0.110320E-002
  0.141257E+001  0.222889E+001  0.400000E+001  0.110047E-002
  0.141517E+001  0.223260E+001  0.400000E+001  0.109775E-002
  0.141777E+001  0.223631E+001  0.400000E+001  0.109505E-002
  0.142038E+001  0.224002E+001  0.400000E+001  0.109236E-002
  0.142298E+001  0.224373E+001  0.400000E+001  0.108968E-002
  0.142558E+001  0.224743E+001  0.400000E+001  0.108701E-002
  0.142819E+001  0.225113E+001  0.400000E+001  0.108436E-002
  0.143079E+001  0.225483E+001  0.400000E+001  0.108173E-002
  0.143339E+001  0.225853E+001  0.400000E+001  0.107910E-002
  0.143600E+001  0.226223E+001  0.400000E+001  0.107649E-002
  0.143860E+001  0.226592E+001  0.400000E+001  0.107389E-002
  0.144120E+001  0.226961E+001  0.400000E+001  0.107130E-002
  0.144380E+001  0.227330E+001  0.400000E+001  0.106873E-002
  0.144641E+001  0.227699E+001  0.400000E+001  0.106617E-002
  0.144901E+001  0.228067E+001  0.400000E+001  0.106362E-002
  0.145161E+001  0.228436E+001  0.400000E+001  0.106108E-002
  0.145422E+001  0.228804E+001  0.400000E+001  0.105856E-002
  0.145682E+001  0.229172E+001  0.400000E+001  0.105605E-002
  0.145942E+001  0.229539E+001  0.400000E+001  0.105355E-002
  0.146203E+001  0.229907E+001  0.400000E+001  0.105106E-002
  0.146463E+001  0.230274E+001  0.400000E+001  0.104858E-002
  0.146723E+001  0.230641E+001  0.400000E+001  0.104612E-002
  0.146983E+001  0.231008E+001  0.400000E+001  0.104366E-002
  0.147244E+001  0.231374E+001  0.400000E+001  0.104122E-002
  0.147504E+001  0.231741E+001  0.400000E+001  0.103879E-002
  0.147764E+001  0.232107E+001  0.400000E+001  0.103638E-002
  0.148025E+001  0.232473E+001  0.400000E+001  0.103397E-002
  0.148285E+001  0.232839E+001  0.400000E+001  0.103157E-002
  0.148545E+001  0.233205E+001  0.400000E+001  0.102919E-002
  0.148806E+001  0.233570E+001  0.400000E+001  0.102682E-002
  0.149066E+001  0.233936E+001  0.400000E+001  0.102446E-002
  0.149326E+001  0.234301E+001  0.400000E+001  0.102210E-002
  0.149586E+001  0.234666E+001  0.400000E+001  0.101976E-002
  0.149847E+001  0.235030E+001  0.400000E+001  0.101744E-002
  0.150107E+001  0.235395E+001  0.400000E+001  0.101512E-002
  0.150367E+001  0.235759E+001  0.400000E+001  0.101281E-002
  0.150628E+001  0.236123E+001  0.400000E+001  0.101051E-002
  0.150888E+001  0.236487E+001  0.400000E+001  0.100822E-002
  0.151148E+001  0.236851E+001  0.400000E+001  0.100595E-002
  0.151409E+001  0.237215E+001  0.400000E+001  0.100368E-002
  0.151669E+001  0.237578E+001  0.400000E+001  0.100143E-002
  0.151929E+001  0.237942E+001  0.400000E+001  0.999181E-003
  0.152189E+001  0.238305E+001  0.400000E+001  0.996945E-003
  0.152450E+001  0.238668E+001  0.400000E+001  0.994720E-003
  0.152710E+001  0.239030E+001  0.400000E+001  0.992504E-003
  0.152970E+001  0.239393E+001  0.400000E+001  0.990298E-003
  0.153231E+001  0.239755E+001  0.400000E+001  0.988103E-003
  0.153491E+001  0.240117E+001  0.400000E+001  0.985916E-003
  0.153751E+001  0.240479E+001  0.400000E+001  0.983740E-003
  0.154012E+001  0.240841E+001  0.400000E+001  0.981573E-003
  0.154272E+001  0.241203E+001  0.400000E+001  0.979416E-003
  0.154532E+001  0.241564E+001  0.400000E+001  0.977268E-003
  0.154792E+001  0.241926E+001  0.400000E+001  0.975130E-003
  0.155053E+001  0.242287E+001  0.400000E+001  0.973000E-003
  0.155313E+001  0.242648E+001  0.400000E+001  0.970880E-003
  0.155573E+001  0.243009E+001  0.400000E+001  0.968769E-003
  0.155834E+001  0.243369E+001  0.400000E+001  0.966667E-003
  0.156094E+001  0.243730E+001  0.400000E+001  0.964574E-003
  0.156354E+001  0.244090E+001  0.400000E+001  0.962490E-003
  0.156615E+001  0.244450E+001  0.400000E+001  0.960414E-003
  0.156875E+001  0.244810E+001  0.400000E+001  0.958347E-003
  0.157135E+001  0.245170E+001  0.400000E+001  0.956289E-003
  0.157395E+001  0.245530E+001  0.400000E+001  0.954238E-003
  0.157656E+001  0.245889E+001  0.400000E+001  0.952196E-003
  0.157916E+001  0.246249E+001  0.400000E+001  0.950161E-003
  0.158176E+001  0.246608E+001  0.400000E+001  0.948133E-003
  0.158437E+001  0.246967E+001  0.400000E+001  0.946112E-003
  0.158697E+001  0.247326E+001  0.400000E+001  0.944096E-003
  0.158957E+001  0.247685E+001  0.400000E+001  0.942085E-003
  0.159218E+001  0.248043E+001  0.400000E+001  0.940075E-003
  0.159478E+001  0.248402E+001  0.400000E+001  0.938062E-003
  0.159738E+001  0.248760E+001  0.400000E+001  0.936037E-003
  0.159998E+001  0.249118E+001  0.400000E+001  0.933982E-003
  0.160259E+001  0.249476E+001  0.400000E+001  0.931847E-003
  0.160519E+001  0.249834E+001  0.400000E+001  0.929470E-003
  0.160779E+001  0.250192E+001  0.400000E+001  0.926041E-003
 0.161300E+001  0.250967E+001  0.300000E+001  0.128018E-002
  0.161480E+001  0.251316E+001  0.300000E+001  0.129951E-002
  0.161660E+001  0.251400E+001  0.400000E+001  0.920066E-003
  0.161840E+001  0.251647E+001  0.400000E+001  0.919641E-003
  0.162020E+001  0.251894E+001  0.400000E+001  0.918704E-003
  0.162200E+001  0.252141E+001  0.400000E+001  0.917588E-003
  0.162380E+001  0.252388E+001  0.400000E+001  0.916394E-003
  0.162560E+001  0.252634E+001  0.400000E+001  0.915162E-003
  0.162740E+001  0.252881E+001  0.400000E+001  0.913911E-003
  0.162920E+001  0.253127E+001  0.400000E+001  0.912650E-003
  0.163100E+001  0.253374E+001  0.400000E+001  0.911383E-003
  0.163280E+001  0.253620E+001  0.400000E+001  0.910113E-003
  0.163460E+001  0.253866E+001  0.400000E+001  0.908843E-003
  0.163640E+001  0.254112E+001  0.400000E+001  0.907573E-003
  0.163820E+001  0.254359E+001  0.400000E+001  0.906304E-003
  0.164000E+001  0.254605E+001  0.400000E+001  0.905038E-003
  0.164180E+001  0.254851E+001  0.400000E+001  0.903773E-003
  0.164360E+001  0.255097E+001  0.400000E+001  0.902511E-003
  0.164540E+001  0.255342E+001  0.400000E+001  0.901252E-003
  0.164720E+001  0.255588E+001  0.400000E+001  0.899996E-003
  0.164900E+001  0.255834E+001  0.400000E+001  0.898742E-003
  0.165080E+001  0.256080E+001  0.400000E+001  0.897492E-003
  0.165260E+001  0.256325E+001  0.400000E+001  0.896244E-003
  0.165440E+001  0.256571E+001  0.400000E+001  0.894999E-003
  0.165620E+001  0.256816E+001  0.400000E+001  0.893758E-003
  0.165800E+001  0.257062E+001  0.400000E+001  0.892520E-003
  0.165980E+001  0.257307E+001  0.400000E+001  0.891285E-003
  0.166160E+001  0.257552E+001  0.400000E+001  0.890053E-003
  0.166340E+001  0.257798E+001  0.400000E+001  0.888824E-003
  0.166520E+001  0.258043E+001  0.400000E+001  0.887598E-003
  0.166700E+001  0.258288E+001  0.400000E+001  0.886376E-003
  0.166880E+001  0.258533E+001  0.400000E+001  0.885157E-003
  0.167060E+001  0.258778E+001  0.400000E+001  0.883941E-003
  0.167240E+001  0.259023E+001  0.400000E+001  0.882728E-003
  0.167420E+001  0.259268E+001  0.400000E+001  0.881518E-003
  0.167600E+001  0.259512E+001  0.400000E+001  0.880311E-003
  0.167780E+001  0.259757E+001  0.400000E+001  0.879107E-003
  0.167960E+001  0.260002E+001  0.400000E+001  0.877907E-003
  0.168140E+001  0.260246E+001  0.400000E+001  0.876709E-003
  0.168320E+001  0.260491E+001  0.400000E+001  0.875515E-003
  0.168500E+001  0.260735E+001  0.400000E+001  0.874323E-003
  0.168680E+001  0.260980E+001  0.400000E+001  0.873135E-003
  0.168860E+001  0.261224E+001  0.400000E+001  0.871950E-003
  0.169040E+001  0.261468E+001  0.400000E+001  0.870768E-003
  0.169220E+001  0.261712E+001  0.400000E+001  0.869589E-003
  0.169400E+001  0.261957E+001  0.400000E+001  0.868412E-003
  0.169580E+001  0.262201E+001  0.400000E+001  0.867239E-003
  0.169760E+001  0.262445E+001  0.400000E+001  0.866069E-003
  0.169940E+001  0.262689E+001  0.400000E+001  0.864902E-003
  0.170120E+001  0.262933E+001  0.400000E+001  0.863737E-003
  0.170300E+001  0.263177E+001  0.400000E+001  0.862576E-003
  0.170480E+001  0.263420E+001  0.400000E+001  0.861417E-003
  0.170660E+001  0.263664E+001  0.400000E+001  0.860262E-003
  0.170840E+001  0.263908E+001  0.400000E+001  0.859109E-003
  0.171020E+001  0.264151E+001  0.400000E+001  0.857959E-003
  0.171200E+001  0.264395E+001  0.400000E+001  0.856812E-003
  0.171380E+001  0.264638E+001  0.400000E+001  0.855668E-003
  0.171560E+001  0.264882E+001  0.400000E+001  0.854526E-003
  0.171740E+001  0.265125E+001  0.400000E+001  0.853388E-003
  0.171920E+001  0.265369E+001  0.400000E+001  0.852252E-003
  0.172100E+001  0.265612E+001  0.400000E+001  0.851119E-003
  0.172280E+001  0.265855E+001  0.400000E+001  0.849989E-003
  0.172460E+001  0.266098E+001  0.400000E+001  0.848862E-003
  0.172640E+001  0.266341E+001  0.400000E+001  0.847737E-003
  0.172820E+001  0.266584E+001  0.400000E+001  0.846615E-003
  0.173000E+001  0.266827E+001  0.400000E+001  0.845496E-003
  0.173180E+001  0.267070E+001  0.400000E+001  0.844379E-003
  0.173360E+001  0.267313E+001  0.400000E+001  0.843265E-003
  0.173540E+001  0.267556E+001  0.400000E+001  0.842154E-003
  0.173720E+001  0.267799E+001  0.400000E+001  0.841045E-003
  0.173900E+001  0.268042E+001  0.400000E+001  0.839939E-003
  0.174080E+001  0.268284E+001  0.400000E+001  0.838836E-003
  0.174260E+001  0.268527E+001  0.400000E+001  0.837735E-003
  0.174440E+001  0.268769E+001  0.400000E+001  0.836637E-003
  0.174620E+001  0.269012E+001  0.400000E+001  0.835541E-003
  0.174800E+001  0.269254E+001  0.400000E+001  0.834448E-003
  0.174980E+001  0.269497E+001  0.400000E+001  0.833357E-003
  0.175160E+001  0.269739E+001  0.400000E+001  0.832269E-003
  0.175340E+001  0.269981E+001  0.400000E+001  0.831184E-003
  0.175520E+001  0.270224E+001  0.400000E+001  0.830101E-003
  0.175700E+001  0.270466E+001  0.400000E+001  0.829020E-003
  0.175880E+001  0.270708E+001  0.400000E+001  0.827942E-003
  0.176060E+001  0.270950E+001  0.400000E+001  0.826867E-003
  0.176240E+001  0.271192E+001  0.400000E+001  0.825794E-003
  0.176420E+001  0.271434E+001  0.400000E+001  0.824723E-003
  0.176600E+001  0.271676E+001  0.400000E+001  0.823655E-003
  0.176780E+001  0.271918E+001  0.400000E+001  0.822589E-003
  0.176960E+001  0.272159E+001  0.400000E+001  0.821525E-003
  0.177140E+001  0.272401E+001  0.400000E+001  0.820464E-003
  0.177320E+001  0.272643E+001  0.400000E+001  0.819405E-003
  0.177500E+001  0.272884E+001  0.400000E+001  0.818348E-003
  0.177680E+001  0.273126E+001  0.400000E+001  0.817294E-003
  0.177860E+001  0.273368E+001  0.400000E+001  0.816242E-003
  0.178040E+001  0.273609E+001  0.400000E+001  0.815193E-003
  0.178220E+001  0.273851E+001  0.400000E+001  0.814145E-003
  0.178400E+001  0.274092E+001  0.400000E+001  0.813100E-003
  0.178580E+001  0.274333E+001  0.400000E+001  0.812057E-003
  0.178760E+001  0.274575E+001  0.400000E+001  0.811017E-003
  0.178940E+001  0.274816E+001  0.400000E+001  0.809978E-003
  0.179120E+001  0.284091E+001  0.300000E+001  0.108433E-002
  0.179300E+001  0.284412E+001  0.300000E+001  0.108247E-002
% seventh
 0.179300E+001  0.284412E+001  0.300000E+001  0.108247E-002
  0.179311E+001  0.284431E+001  0.300000E+001  0.108236E-002
  0.179321E+001  0.284450E+001  0.300000E+001  0.108225E-002
  0.179332E+001  0.284469E+001  0.300000E+001  0.108214E-002
  0.179342E+001  0.284488E+001  0.300000E+001  0.108203E-002
  0.179353E+001  0.284507E+001  0.300000E+001  0.108193E-002
  0.179364E+001  0.284526E+001  0.300000E+001  0.108182E-002
  0.179374E+001  0.284545E+001  0.300000E+001  0.108171E-002
  0.179385E+001  0.284564E+001  0.300000E+001  0.108160E-002
  0.179395E+001  0.284583E+001  0.300000E+001  0.108149E-002
  0.179406E+001  0.284602E+001  0.300000E+001  0.108138E-002
  0.179417E+001  0.275454E+001  0.400000E+001  0.807239E-003
  0.179427E+001  0.275468E+001  0.400000E+001  0.807178E-003
  0.179438E+001  0.275483E+001  0.400000E+001  0.807118E-003
  0.179448E+001  0.275497E+001  0.400000E+001  0.807057E-003
  0.179459E+001  0.284696E+001  0.300000E+001  0.108084E-002
  0.179470E+001  0.275525E+001  0.400000E+001  0.806935E-003
  0.179480E+001  0.275539E+001  0.400000E+001  0.806875E-003
  0.179491E+001  0.275554E+001  0.400000E+001  0.806814E-003
  0.179501E+001  0.275568E+001  0.400000E+001  0.806753E-003
  0.179512E+001  0.275582E+001  0.400000E+001  0.806693E-003
  0.179523E+001  0.275596E+001  0.400000E+001  0.806632E-003
  0.179533E+001  0.275610E+001  0.400000E+001  0.806571E-003
  0.179544E+001  0.275625E+001  0.400000E+001  0.806511E-003
  0.179554E+001  0.275639E+001  0.400000E+001  0.806450E-003
  0.179565E+001  0.275653E+001  0.400000E+001  0.806389E-003
  0.179576E+001  0.275667E+001  0.400000E+001  0.806329E-003
  0.179586E+001  0.275681E+001  0.400000E+001  0.806268E-003
  0.179597E+001  0.275696E+001  0.400000E+001  0.806207E-003
  0.179607E+001  0.275710E+001  0.400000E+001  0.806147E-003
  0.179618E+001  0.275724E+001  0.400000E+001  0.806086E-003
  0.179629E+001  0.275738E+001  0.400000E+001  0.806026E-003
  0.179639E+001  0.275752E+001  0.400000E+001  0.805965E-003
  0.179650E+001  0.275767E+001  0.400000E+001  0.805904E-003
  0.179660E+001  0.275781E+001  0.400000E+001  0.805844E-003
  0.179671E+001  0.275795E+001  0.400000E+001  0.805783E-003
  0.179682E+001  0.275809E+001  0.400000E+001  0.805723E-003
  0.179692E+001  0.275823E+001  0.400000E+001  0.805662E-003
  0.179703E+001  0.275838E+001  0.400000E+001  0.805602E-003
  0.179713E+001  0.275852E+001  0.400000E+001  0.805541E-003
  0.179724E+001  0.275866E+001  0.400000E+001  0.805480E-003
  0.179735E+001  0.275880E+001  0.400000E+001  0.805420E-003
  0.179745E+001  0.275894E+001  0.400000E+001  0.805359E-003
  0.179756E+001  0.275909E+001  0.400000E+001  0.805299E-003
  0.179766E+001  0.275923E+001  0.400000E+001  0.805238E-003
  0.179777E+001  0.275937E+001  0.400000E+001  0.805178E-003
  0.179788E+001  0.275951E+001  0.400000E+001  0.805117E-003
  0.179798E+001  0.275965E+001  0.400000E+001  0.805057E-003
  0.179809E+001  0.275979E+001  0.400000E+001  0.804996E-003
  0.179819E+001  0.275994E+001  0.400000E+001  0.804936E-003
  0.179830E+001  0.276008E+001  0.400000E+001  0.804875E-003
  0.179841E+001  0.276022E+001  0.400000E+001  0.804815E-003
  0.179851E+001  0.276036E+001  0.400000E+001  0.804755E-003
  0.179862E+001  0.276050E+001  0.400000E+001  0.804694E-003
  0.179872E+001  0.276065E+001  0.400000E+001  0.804634E-003
  0.179883E+001  0.276079E+001  0.400000E+001  0.804573E-003
  0.179894E+001  0.276093E+001  0.400000E+001  0.804513E-003
  0.179904E+001  0.276107E+001  0.400000E+001  0.804452E-003
  0.179915E+001  0.276121E+001  0.400000E+001  0.804392E-003
  0.179925E+001  0.276136E+001  0.400000E+001  0.804332E-003
  0.179936E+001  0.276150E+001  0.400000E+001  0.804271E-003
  0.179947E+001  0.276164E+001  0.400000E+001  0.804211E-003
  0.179957E+001  0.276178E+001  0.400000E+001  0.804150E-003
  0.179968E+001  0.276192E+001  0.400000E+001  0.804090E-003
  0.179978E+001  0.276207E+001  0.400000E+001  0.804030E-003
  0.179989E+001  0.276221E+001  0.400000E+001  0.803969E-003
  0.180000E+001  0.276235E+001  0.400000E+001  0.803909E-003
  0.180010E+001  0.276249E+001  0.400000E+001  0.803849E-003
  0.180021E+001  0.276263E+001  0.400000E+001  0.803788E-003
  0.180031E+001  0.276277E+001  0.400000E+001  0.803728E-003
  0.180042E+001  0.276292E+001  0.400000E+001  0.803668E-003
  0.180053E+001  0.276306E+001  0.400000E+001  0.803607E-003
  0.180063E+001  0.276320E+001  0.400000E+001  0.803547E-003
  0.180074E+001  0.276334E+001  0.400000E+001  0.803487E-003
  0.180084E+001  0.276348E+001  0.400000E+001  0.803427E-003
  0.180095E+001  0.276363E+001  0.400000E+001  0.803366E-003
  0.180106E+001  0.276377E+001  0.400000E+001  0.803306E-003
  0.180116E+001  0.276391E+001  0.400000E+001  0.803246E-003
  0.180127E+001  0.276405E+001  0.400000E+001  0.803185E-003
  0.180137E+001  0.276419E+001  0.400000E+001  0.803125E-003
  0.180148E+001  0.276433E+001  0.400000E+001  0.803065E-003
  0.180159E+001  0.276448E+001  0.400000E+001  0.803005E-003
  0.180169E+001  0.276462E+001  0.400000E+001  0.802944E-003
  0.180180E+001  0.276476E+001  0.400000E+001  0.802884E-003
  0.180190E+001  0.276490E+001  0.400000E+001  0.802824E-003
  0.180201E+001  0.276504E+001  0.400000E+001  0.802764E-003
  0.180212E+001  0.276519E+001  0.400000E+001  0.802704E-003
  0.180222E+001  0.276533E+001  0.400000E+001  0.802643E-003
  0.180233E+001  0.276547E+001  0.400000E+001  0.802583E-003
  0.180243E+001  0.276561E+001  0.400000E+001  0.802523E-003
  0.180254E+001  0.276575E+001  0.400000E+001  0.802463E-003
  0.180265E+001  0.276590E+001  0.400000E+001  0.802403E-003
  0.180275E+001  0.276604E+001  0.400000E+001  0.802342E-003
  0.180286E+001  0.276618E+001  0.400000E+001  0.802282E-003
  0.180296E+001  0.276632E+001  0.400000E+001  0.802222E-003
  0.180307E+001  0.276646E+001  0.400000E+001  0.802162E-003
  0.180318E+001  0.276660E+001  0.400000E+001  0.802102E-003
  0.180328E+001  0.276675E+001  0.400000E+001  0.802042E-003
  0.180339E+001  0.276689E+001  0.400000E+001  0.801982E-003
  0.180349E+001  0.237491E+001  0.500000E+001  0.167826E-002
  0.180360E+001  0.235952E+001  0.600000E+001  0.399146E-003
%eighth
 0.180350E+001  0.276704E+001  0.500000E+001  0.801918E-003
  0.180801E+001  0.277307E+001  0.500000E+001  0.799367E-003
  0.181252E+001  0.277910E+001  0.500000E+001  0.796829E-003
  0.181703E+001  0.278513E+001  0.500000E+001  0.794303E-003
  0.182154E+001  0.279115E+001  0.500000E+001  0.791789E-003
  0.182605E+001  0.279717E+001  0.500000E+001  0.789288E-003
  0.183056E+001  0.280319E+001  0.500000E+001  0.786798E-003
  0.183507E+001  0.280920E+001  0.500000E+001  0.784319E-003
  0.183958E+001  0.281521E+001  0.500000E+001  0.781851E-003
  0.184409E+001  0.282122E+001  0.500000E+001  0.779394E-003
  0.184860E+001  0.282723E+001  0.500000E+001  0.776948E-003
  0.185311E+001  0.283323E+001  0.500000E+001  0.774511E-003
  0.185762E+001  0.283923E+001  0.500000E+001  0.772085E-003
  0.186213E+001  0.284523E+001  0.500000E+001  0.769668E-003
  0.186664E+001  0.285123E+001  0.500000E+001  0.767260E-003
  0.187115E+001  0.285722E+001  0.500000E+001  0.764861E-003
  0.187566E+001  0.286321E+001  0.500000E+001  0.762470E-003
  0.188017E+001  0.286920E+001  0.500000E+001  0.760088E-003
  0.188468E+001  0.287518E+001  0.500000E+001  0.757713E-003
  0.188919E+001  0.288116E+001  0.500000E+001  0.755345E-003
  0.189370E+001  0.288714E+001  0.500000E+001  0.752985E-003
  0.189821E+001  0.289312E+001  0.500000E+001  0.750630E-003
  0.190272E+001  0.289909E+001  0.500000E+001  0.748282E-003
  0.190723E+001  0.290506E+001  0.500000E+001  0.745939E-003
  0.191174E+001  0.291103E+001  0.500000E+001  0.743601E-003
  0.191625E+001  0.291700E+001  0.500000E+001  0.741268E-003
  0.192076E+001  0.292296E+001  0.500000E+001  0.738938E-003
  0.192527E+001  0.292892E+001  0.500000E+001  0.736612E-003
  0.192978E+001  0.293488E+001  0.500000E+001  0.734288E-003
  0.193429E+001  0.294084E+001  0.500000E+001  0.731966E-003
  0.193880E+001  0.294679E+001  0.500000E+001  0.729645E-003
  0.194331E+001  0.295275E+001  0.500000E+001  0.727324E-003
  0.194782E+001  0.295869E+001  0.500000E+001  0.725004E-003
  0.195233E+001  0.296464E+001  0.500000E+001  0.722681E-003
  0.195684E+001  0.297059E+001  0.500000E+001  0.720357E-003
  0.196135E+001  0.297653E+001  0.500000E+001  0.718029E-003
  0.196586E+001  0.298247E+001  0.500000E+001  0.715697E-003
  0.197037E+001  0.298841E+001  0.500000E+001  0.713359E-003
  0.197488E+001  0.299434E+001  0.500000E+001  0.711013E-003
  0.197939E+001  0.300028E+001  0.500000E+001  0.708660E-003
  0.198390E+001  0.300621E+001  0.500000E+001  0.706296E-003
  0.198841E+001  0.301214E+001  0.500000E+001  0.703921E-003
  0.199292E+001  0.301807E+001  0.500000E+001  0.701532E-003
  0.199743E+001  0.302399E+001  0.500000E+001  0.699127E-003
  0.200194E+001  0.302992E+001  0.500000E+001  0.696704E-003
  0.200645E+001  0.303584E+001  0.500000E+001  0.694260E-003
  0.201096E+001  0.304176E+001  0.500000E+001  0.691792E-003
  0.201547E+001  0.304767E+001  0.500000E+001  0.689298E-003
  0.201998E+001  0.305359E+001  0.500000E+001  0.686773E-003
  0.202449E+001  0.305950E+001  0.500000E+001  0.684213E-003
  0.202900E+001  0.306541E+001  0.500000E+001  0.681614E-003
  0.203351E+001  0.307132E+001  0.500000E+001  0.678970E-003
  0.203802E+001  0.307723E+001  0.500000E+001  0.676276E-003
  0.204253E+001  0.308313E+001  0.500000E+001  0.673524E-003
  0.204704E+001  0.308904E+001  0.500000E+001  0.670707E-003
  0.205155E+001  0.309494E+001  0.500000E+001  0.667814E-003
  0.205606E+001  0.310084E+001  0.500000E+001  0.664835E-003
  0.206057E+001  0.310673E+001  0.500000E+001  0.661758E-003
  0.206508E+001  0.311263E+001  0.500000E+001  0.658566E-003
  0.206959E+001  0.311852E+001  0.500000E+001  0.655243E-003
  0.207410E+001  0.312442E+001  0.500000E+001  0.651765E-003
  0.207861E+001  0.313031E+001  0.500000E+001  0.648107E-003
  0.208312E+001  0.313620E+001  0.500000E+001  0.644235E-003
  0.208763E+001  0.314209E+001  0.500000E+001  0.640110E-003
  0.209214E+001  0.314797E+001  0.500000E+001  0.635679E-003
  0.209665E+001  0.315386E+001  0.500000E+001  0.630879E-003
  0.210116E+001  0.315974E+001  0.500000E+001  0.625624E-003
  0.210567E+001  0.316562E+001  0.500000E+001  0.619803E-003
  0.211018E+001  0.317150E+001  0.500000E+001  0.613267E-003
  0.211469E+001  0.317738E+001  0.500000E+001  0.605810E-003
  0.211920E+001  0.318326E+001  0.500000E+001  0.597137E-003
  0.212371E+001  0.318914E+001  0.500000E+001  0.586820E-003
  0.212822E+001  0.319502E+001  0.500000E+001  0.574203E-003
  0.213273E+001  0.320091E+001  0.500000E+001  0.558236E-003
  0.213724E+001  0.320679E+001  0.500000E+001  0.537126E-003
  0.214175E+001  0.321269E+001  0.500000E+001  0.507564E-003
  0.214626E+001  0.321859E+001  0.500000E+001  0.462767E-003
  0.215077E+001  0.322454E+001  0.500000E+001  0.386831E-003
  0.215528E+001  0.323058E+001  0.500000E+001  0.237836E-003
  0.215979E+001  0.346126E+001  0.400000E+001  0.801880E-003
  0.216430E+001  0.324530E+001  0.500000E+001  0.368680E-003
  0.216881E+001  0.325464E+001  0.500000E+001  0.692766E-003
  0.217332E+001  0.326420E+001  0.500000E+001  0.821553E-003
  0.217783E+001  0.327381E+001  0.500000E+001  0.883852E-003
  0.218234E+001  0.328342E+001  0.500000E+001  0.918820E-003
  0.218685E+001  0.329302E+001  0.500000E+001  0.940256E-003
  0.219136E+001  0.330260E+001  0.500000E+001  0.954081E-003
  0.219587E+001  0.331218E+001  0.500000E+001  0.963226E-003
  0.220038E+001  0.332173E+001  0.500000E+001  0.969300E-003
  0.220489E+001  0.333127E+001  0.500000E+001  0.973257E-003
  0.220940E+001  0.334078E+001  0.500000E+001  0.975698E-003
  0.221391E+001  0.335028E+001  0.500000E+001  0.977019E-003
  0.221842E+001  0.335976E+001  0.500000E+001  0.977492E-003
  0.222293E+001  0.336922E+001  0.500000E+001  0.977309E-003
  0.222744E+001  0.337867E+001  0.500000E+001  0.976612E-003
  0.223195E+001  0.338809E+001  0.500000E+001  0.975504E-003
  0.223646E+001  0.339749E+001  0.500000E+001  0.974066E-003
  0.224097E+001  0.340688E+001  0.500000E+001  0.972359E-003
  0.224548E+001  0.341625E+001  0.500000E+001  0.970430E-003
  0.224999E+001  0.342560E+001  0.500000E+001  0.968318E-003
  0.225450E+001  0.335863E+001  0.600000E+001  0.659066E-003
%nineth
0.225440E+001  0.361074E+001  0.500000E+001  0.751439E-003
  0.225870E+001  0.344360E+001  0.600000E+001  0.963833E-003
  0.226299E+001  0.345245E+001  0.600000E+001  0.961463E-003
  0.226729E+001  0.346130E+001  0.600000E+001  0.959011E-003
  0.227158E+001  0.347012E+001  0.600000E+001  0.956488E-003
  0.227588E+001  0.347893E+001  0.600000E+001  0.953906E-003
  0.228018E+001  0.348772E+001  0.600000E+001  0.951274E-003
  0.228447E+001  0.349650E+001  0.600000E+001  0.948599E-003
  0.228877E+001  0.350526E+001  0.600000E+001  0.945888E-003
  0.229306E+001  0.351401E+001  0.600000E+001  0.943148E-003
  0.229736E+001  0.352274E+001  0.600000E+001  0.940382E-003
  0.230166E+001  0.353145E+001  0.600000E+001  0.937596E-003
  0.230595E+001  0.354015E+001  0.600000E+001  0.934793E-003
  0.231025E+001  0.354884E+001  0.600000E+001  0.931977E-003
  0.231454E+001  0.355751E+001  0.600000E+001  0.929150E-003
  0.231884E+001  0.356616E+001  0.600000E+001  0.926316E-003
  0.232314E+001  0.357480E+001  0.600000E+001  0.923476E-003
  0.232743E+001  0.358343E+001  0.600000E+001  0.920633E-003
  0.233173E+001  0.359204E+001  0.600000E+001  0.917788E-003
  0.233602E+001  0.360064E+001  0.600000E+001  0.914943E-003
  0.234032E+001  0.360922E+001  0.600000E+001  0.912099E-003
  0.234462E+001  0.361779E+001  0.600000E+001  0.909258E-003
  0.234891E+001  0.362635E+001  0.600000E+001  0.906421E-003
  0.235321E+001  0.363489E+001  0.600000E+001  0.903588E-003
  0.235750E+001  0.364341E+001  0.600000E+001  0.900762E-003
  0.236180E+001  0.365193E+001  0.600000E+001  0.897942E-003
  0.236610E+001  0.366042E+001  0.600000E+001  0.895129E-003
  0.237039E+001  0.366891E+001  0.600000E+001  0.892324E-003
  0.237469E+001  0.367738E+001  0.600000E+001  0.889528E-003
  0.237898E+001  0.368584E+001  0.600000E+001  0.886741E-003
  0.238328E+001  0.369429E+001  0.600000E+001  0.883964E-003
  0.238758E+001  0.381616E+001  0.500000E+001  0.690161E-003
  0.239187E+001  0.371114E+001  0.600000E+001  0.878440E-003
  0.239617E+001  0.371954E+001  0.600000E+001  0.875694E-003
  0.240046E+001  0.372794E+001  0.600000E+001  0.872958E-003
  0.240476E+001  0.373632E+001  0.600000E+001  0.870235E-003
  0.240906E+001  0.374468E+001  0.600000E+001  0.867522E-003
  0.241335E+001  0.375304E+001  0.600000E+001  0.864822E-003
  0.241765E+001  0.376138E+001  0.600000E+001  0.862133E-003
  0.242194E+001  0.376971E+001  0.600000E+001  0.859457E-003
  0.242624E+001  0.377803E+001  0.600000E+001  0.856793E-003
  0.243054E+001  0.378633E+001  0.600000E+001  0.854141E-003
  0.243483E+001  0.379462E+001  0.600000E+001  0.851501E-003
  0.243913E+001  0.380290E+001  0.600000E+001  0.848875E-003
  0.244342E+001  0.381117E+001  0.600000E+001  0.846261E-003
  0.244772E+001  0.381942E+001  0.600000E+001  0.843660E-003
  0.245202E+001  0.382767E+001  0.600000E+001  0.841071E-003
  0.245631E+001  0.383590E+001  0.600000E+001  0.838495E-003
  0.246061E+001  0.384412E+001  0.600000E+001  0.835933E-003
  0.246490E+001  0.385233E+001  0.600000E+001  0.833383E-003
  0.246920E+001  0.386052E+001  0.600000E+001  0.830846E-003
  0.247350E+001  0.386871E+001  0.600000E+001  0.828322E-003
  0.247779E+001  0.387688E+001  0.600000E+001  0.825811E-003
  0.248209E+001  0.388504E+001  0.600000E+001  0.823313E-003
  0.248638E+001  0.389319E+001  0.600000E+001  0.820827E-003
  0.249068E+001  0.390133E+001  0.600000E+001  0.818355E-003
  0.249498E+001  0.390946E+001  0.600000E+001  0.815895E-003
  0.249927E+001  0.391758E+001  0.600000E+001  0.813449E-003
  0.250357E+001  0.392568E+001  0.600000E+001  0.811015E-003
  0.250786E+001  0.393378E+001  0.600000E+001  0.808594E-003
  0.251216E+001  0.394186E+001  0.600000E+001  0.806185E-003
  0.251646E+001  0.394993E+001  0.600000E+001  0.803789E-003
  0.252075E+001  0.395799E+001  0.600000E+001  0.801406E-003
  0.252505E+001  0.396604E+001  0.600000E+001  0.799036E-003
  0.252934E+001  0.397408E+001  0.600000E+001  0.796678E-003
  0.253364E+001  0.398211E+001  0.600000E+001  0.794332E-003
  0.253794E+001  0.399013E+001  0.600000E+001  0.791999E-003
  0.254223E+001  0.399814E+001  0.600000E+001  0.789678E-003
  0.254653E+001  0.400614E+001  0.600000E+001  0.787370E-003
  0.255082E+001  0.401413E+001  0.600000E+001  0.785074E-003
  0.255512E+001  0.402210E+001  0.600000E+001  0.782790E-003
  0.255942E+001  0.403007E+001  0.600000E+001  0.780518E-003
  0.256371E+001  0.403803E+001  0.600000E+001  0.778258E-003
  0.256801E+001  0.404597E+001  0.600000E+001  0.776010E-003
  0.257230E+001  0.405391E+001  0.600000E+001  0.773774E-003
  0.257660E+001  0.406183E+001  0.600000E+001  0.771549E-003
  0.258090E+001  0.406975E+001  0.600000E+001  0.769337E-003
  0.258519E+001  0.407766E+001  0.600000E+001  0.767136E-003
  0.258949E+001  0.408555E+001  0.600000E+001  0.764947E-003
  0.259378E+001  0.409344E+001  0.600000E+001  0.762769E-003
  0.259808E+001  0.410132E+001  0.600000E+001  0.760603E-003
  0.260238E+001  0.410918E+001  0.600000E+001  0.758448E-003
  0.260667E+001  0.411704E+001  0.600000E+001  0.756304E-003
  0.261097E+001  0.412489E+001  0.600000E+001  0.754172E-003
  0.261526E+001  0.413273E+001  0.600000E+001  0.752050E-003
  0.261956E+001  0.414056E+001  0.600000E+001  0.749940E-003
  0.262386E+001  0.414838E+001  0.600000E+001  0.747840E-003
  0.262815E+001  0.415619E+001  0.600000E+001  0.745750E-003
  0.263245E+001  0.416399E+001  0.600000E+001  0.743671E-003
  0.263674E+001  0.417178E+001  0.600000E+001  0.741602E-003
  0.264104E+001  0.417956E+001  0.600000E+001  0.739543E-003
  0.264534E+001  0.418734E+001  0.600000E+001  0.737492E-003
  0.264963E+001  0.419510E+001  0.600000E+001  0.735449E-003
  0.265393E+001  0.420286E+001  0.600000E+001  0.733413E-003
  0.265822E+001  0.421060E+001  0.600000E+001  0.731378E-003
  0.266252E+001  0.421834E+001  0.600000E+001  0.729339E-003
  0.266682E+001  0.422607E+001  0.600000E+001  0.727277E-003
  0.267111E+001  0.423379E+001  0.600000E+001  0.725137E-003
  0.267541E+001  0.424150E+001  0.600000E+001  0.722675E-003
  0.267970E+001  0.425039E+001  0.500000E+001  0.579289E-003
  0.268400E+001  0.425663E+001  0.500000E+001  0.458048E-003