  0.135270E+001  0.140725E-001  0.400000E+001  0.336184E+000
  0.135530E+001  0.176368E+000  0.400000E+001  0.272169E-001
  0.135791E+001  0.249151E+000  0.400000E+001  0.192490E-001
  0.136051E+001  0.305081E+000  0.400000E+001  0.157027E-001
  0.136311E+001  0.352273E+000  0.400000E+001  0.135830E-001
  0.136571E+001  0.393878E+000  0.400000E+001  0.121336E-001
  0.136832E+001  0.431515E+000  0.400000E+001  0.110617E-001
  0.137092E+001  0.466146E+000  0.400000E+001  0.102273E-001
  0.137352E+001  0.498396E+000  0.400000E+001  0.955366E-002
  0.137613E+001  0.528701E+000  0.400000E+001  0.899485E-002
  0.137873E+001  0.557380E+000  0.400000E+001  0.852143E-002
  0.138133E+001  0.584670E+000  0.400000E+001  0.811358E-002
  0.138394E+001  0.610758E+000  0.400000E+001  0.775735E-002
  0.138654E+001  0.635793E+000  0.400000E+001  0.744264E-002
  0.138914E+001  0.659893E+000  0.400000E+001  0.716191E-002
  0.139174E+001  0.683158E+000  0.400000E+001  0.690943E-002
  0.139435E+001  0.705670E+000  0.400000E+001  0.668071E-002
  0.139695E+001  0.727499E+000  0.400000E+001  0.647223E-002
  0.139955E+001  0.748705E+000  0.400000E+001  0.628114E-002
  0.140216E+001  0.769339E+000  0.400000E+001  0.610513E-002
  0.140476E+001  0.789447E+000  0.400000E+001  0.594230E-002
  0.140736E+001  0.809067E+000  0.400000E+001  0.579106E-002
  0.140997E+001  0.828233E+000  0.400000E+001  0.565009E-002
  0.141257E+001  0.846978E+000  0.400000E+001  0.551827E-002
  0.141517E+001  0.865328E+000  0.400000E+001  0.539464E-002
  0.141777E+001  0.883307E+000  0.400000E+001  0.527838E-002
  0.142038E+001  0.900938E+000  0.400000E+001  0.516876E-002
  0.142298E+001  0.918241E+000  0.400000E+001  0.506519E-002
  0.142558E+001  0.935235E+000  0.400000E+001  0.496711E-002
  0.142819E+001  0.951935E+000  0.400000E+001  0.487404E-002
  0.143079E+001  0.968357E+000  0.400000E+001  0.478558E-002
  0.143339E+001  0.984514E+000  0.400000E+001  0.470135E-002
  0.143600E+001  0.100042E+001  0.400000E+001  0.462102E-002
  0.143860E+001  0.101609E+001  0.400000E+001  0.454429E-002
  0.144120E+001  0.103152E+001  0.400000E+001  0.447089E-002
  0.144380E+001  0.104674E+001  0.400000E+001  0.440060E-002
  0.144641E+001  0.106175E+001  0.400000E+001  0.433319E-002
  0.144901E+001  0.107656E+001  0.400000E+001  0.426847E-002
  0.145161E+001  0.109118E+001  0.400000E+001  0.420627E-002
  0.145422E+001  0.110561E+001  0.400000E+001  0.414642E-002
  0.145682E+001  0.111987E+001  0.400000E+001  0.408877E-002
  0.145942E+001  0.113395E+001  0.400000E+001  0.403320E-002
  0.146203E+001  0.114787E+001  0.400000E+001  0.397957E-002
  0.146463E+001  0.116163E+001  0.400000E+001  0.392778E-002
  0.146723E+001  0.117524E+001  0.400000E+001  0.387772E-002
  0.146983E+001  0.118870E+001  0.400000E+001  0.382930E-002
  0.147244E+001  0.120201E+001  0.400000E+001  0.378243E-002
  0.147504E+001  0.121519E+001  0.400000E+001  0.373702E-002
  0.147764E+001  0.122824E+001  0.400000E+001  0.369300E-002
  0.148025E+001  0.124115E+001  0.400000E+001  0.365031E-002
  0.148285E+001  0.125394E+001  0.400000E+001  0.360886E-002
  0.148545E+001  0.126661E+001  0.400000E+001  0.356861E-002
  0.148806E+001  0.127916E+001  0.400000E+001  0.352950E-002
  0.149066E+001  0.129159E+001  0.400000E+001  0.349146E-002
  0.149326E+001  0.130392E+001  0.400000E+001  0.345446E-002
  0.149586E+001  0.131613E+001  0.400000E+001  0.341845E-002
  0.149847E+001  0.132824E+001  0.400000E+001  0.338338E-002
  0.150107E+001  0.134025E+001  0.400000E+001  0.334921E-002
  0.150367E+001  0.135215E+001  0.400000E+001  0.331591E-002
  0.150628E+001  0.136396E+001  0.400000E+001  0.328343E-002
  0.150888E+001  0.137568E+001  0.400000E+001  0.325175E-002
  0.151148E+001  0.138730E+001  0.400000E+001  0.322082E-002
  0.151409E+001  0.139883E+001  0.400000E+001  0.319063E-002
  0.151669E+001  0.141028E+001  0.400000E+001  0.316114E-002
  0.151929E+001  0.142164E+001  0.400000E+001  0.313232E-002
  0.152189E+001  0.143291E+001  0.400000E+001  0.310416E-002
  0.152450E+001  0.144411E+001  0.400000E+001  0.307661E-002
  0.152710E+001  0.145522E+001  0.400000E+001  0.304967E-002
  0.152970E+001  0.146626E+001  0.400000E+001  0.302331E-002
  0.153231E+001  0.147722E+001  0.400000E+001  0.299751E-002
  0.153491E+001  0.148810E+001  0.400000E+001  0.297224E-002
  0.153751E+001  0.149891E+001  0.400000E+001  0.294750E-002
  0.154012E+001  0.150965E+001  0.400000E+001  0.292326E-002
  0.154272E+001  0.152032E+001  0.400000E+001  0.289951E-002
  0.154532E+001  0.153093E+001  0.400000E+001  0.287622E-002
  0.154792E+001  0.154146E+001  0.400000E+001  0.285339E-002
  0.155053E+001  0.155193E+001  0.400000E+001  0.283100E-002
  0.155313E+001  0.156234E+001  0.400000E+001  0.280904E-002
  0.155573E+001  0.157268E+001  0.400000E+001  0.278749E-002
  0.155834E+001  0.158296E+001  0.400000E+001  0.276633E-002
  0.156094E+001  0.159318E+001  0.400000E+001  0.274557E-002
  0.156354E+001  0.160334E+001  0.400000E+001  0.272517E-002
  0.156615E+001  0.161344E+001  0.400000E+001  0.270515E-002
  0.156875E+001  0.162349E+001  0.400000E+001  0.268547E-002
  0.157135E+001  0.163347E+001  0.400000E+001  0.266614E-002
  0.157395E+001  0.164341E+001  0.400000E+001  0.264714E-002
  0.157656E+001  0.165328E+001  0.400000E+001  0.262846E-002
  0.157916E+001  0.166311E+001  0.400000E+001  0.261010E-002
  0.158176E+001  0.167288E+001  0.400000E+001  0.259205E-002
  0.158437E+001  0.168260E+001  0.400000E+001  0.257429E-002
  0.158697E+001  0.169228E+001  0.400000E+001  0.255682E-002
  0.158957E+001  0.170190E+001  0.400000E+001  0.253963E-002
  0.159218E+001  0.171147E+001  0.400000E+001  0.252271E-002
  0.159478E+001  0.172099E+001  0.400000E+001  0.250607E-002
  0.159738E+001  0.173047E+001  0.400000E+001  0.248968E-002
  0.159998E+001  0.173990E+001  0.400000E+001  0.247354E-002
  0.160259E+001  0.174929E+001  0.400000E+001  0.245765E-002
  0.160519E+001  0.175863E+001  0.400000E+001  0.244200E-002
  0.160779E+001  0.176792E+001  0.400000E+001  0.242658E-002
  0.161040E+001  0.177717E+001  0.300000E+001  0.241140E-002
  0.161300E+001  0.178638E+001  0.300000E+001  0.239643E-002
  0.161300E+001  0.178638E+001  0.300000E+001  0.239643E-002
  0.161480E+001  0.179273E+001  0.300000E+001  0.238621E-002
  0.161660E+001  0.179905E+001  0.400000E+001  0.237609E-002
  0.161840E+001  0.180535E+001  0.400000E+001  0.236607E-002
  0.162020E+001  0.181164E+001  0.400000E+001  0.235616E-002
  0.162200E+001  0.181790E+001  0.400000E+001  0.234633E-002
  0.162380E+001  0.182415E+001  0.400000E+001  0.233661E-002
  0.162560E+001  0.183037E+001  0.400000E+001  0.232698E-002
  0.162740E+001  0.183658E+001  0.400000E+001  0.231744E-002
  0.162920E+001  0.184277E+001  0.400000E+001  0.230799E-002
  0.163100E+001  0.184894E+001  0.400000E+001  0.229863E-002
  0.163280E+001  0.185509E+001  0.400000E+001  0.228936E-002
  0.163460E+001  0.186123E+001  0.400000E+001  0.228018E-002
  0.163640E+001  0.186734E+001  0.400000E+001  0.227108E-002
  0.163820E+001  0.187344E+001  0.400000E+001  0.226206E-002
  0.164000E+001  0.187952E+001  0.400000E+001  0.225313E-002
  0.164180E+001  0.188559E+001  0.400000E+001  0.224428E-002
  0.164360E+001  0.189163E+001  0.400000E+001  0.223552E-002
  0.164540E+001  0.189766E+001  0.400000E+001  0.222683E-002
  0.164720E+001  0.190367E+001  0.400000E+001  0.221822E-002
  0.164900E+001  0.190967E+001  0.400000E+001  0.220968E-002
  0.165080E+001  0.191565E+001  0.400000E+001  0.220122E-002
  0.165260E+001  0.192161E+001  0.400000E+001  0.219284E-002
  0.165440E+001  0.192756E+001  0.400000E+001  0.218453E-002
  0.165620E+001  0.193349E+001  0.400000E+001  0.217629E-002
  0.165800E+001  0.193940E+001  0.400000E+001  0.216813E-002
  0.165980E+001  0.194530E+001  0.400000E+001  0.216003E-002
  0.166160E+001  0.195118E+001  0.400000E+001  0.215201E-002
  0.166340E+001  0.195705E+001  0.400000E+001  0.214405E-002
  0.166520E+001  0.196290E+001  0.400000E+001  0.213616E-002
  0.166700E+001  0.196874E+001  0.400000E+001  0.212834E-002
  0.166880E+001  0.197456E+001  0.400000E+001  0.212058E-002
  0.167060E+001  0.198037E+001  0.400000E+001  0.211289E-002
  0.167240E+001  0.198616E+001  0.400000E+001  0.210526E-002
  0.167420E+001  0.199194E+001  0.400000E+001  0.209770E-002
  0.167600E+001  0.199770E+001  0.400000E+001  0.209019E-002
  0.167780E+001  0.200345E+001  0.400000E+001  0.208275E-002
  0.167960E+001  0.200918E+001  0.400000E+001  0.207537E-002
  0.168140E+001  0.201490E+001  0.400000E+001  0.206805E-002
  0.168320E+001  0.202061E+001  0.400000E+001  0.206079E-002
  0.168500E+001  0.202630E+001  0.400000E+001  0.205358E-002
  0.168680E+001  0.203197E+001  0.400000E+001  0.204643E-002
  0.168860E+001  0.203764E+001  0.400000E+001  0.203934E-002
  0.169040E+001  0.204329E+001  0.400000E+001  0.203231E-002
  0.169220E+001  0.204892E+001  0.400000E+001  0.202533E-002
  0.169400E+001  0.205455E+001  0.400000E+001  0.201841E-002
  0.169580E+001  0.206016E+001  0.400000E+001  0.201154E-002
  0.169760E+001  0.206575E+001  0.400000E+001  0.200472E-002
  0.169940E+001  0.207133E+001  0.400000E+001  0.199795E-002
  0.170120E+001  0.207690E+001  0.400000E+001  0.199124E-002
  0.170300E+001  0.208246E+001  0.400000E+001  0.198458E-002
  0.170480E+001  0.208801E+001  0.400000E+001  0.197797E-002
  0.170660E+001  0.209354E+001  0.400000E+001  0.197140E-002
  0.170840E+001  0.209906E+001  0.400000E+001  0.196489E-002
  0.171020E+001  0.210456E+001  0.400000E+001  0.195843E-002
  0.171200E+001  0.211006E+001  0.400000E+001  0.195201E-002
  0.171380E+001  0.211554E+001  0.400000E+001  0.194564E-002
  0.171560E+001  0.212101E+001  0.400000E+001  0.193932E-002
  0.171740E+001  0.212647E+001  0.400000E+001  0.193305E-002
  0.171920E+001  0.213191E+001  0.400000E+001  0.192682E-002
  0.172100E+001  0.213735E+001  0.400000E+001  0.192064E-002
  0.172280E+001  0.214277E+001  0.400000E+001  0.191450E-002
  0.172460E+001  0.214818E+001  0.400000E+001  0.190840E-002
  0.172640E+001  0.215358E+001  0.400000E+001  0.190235E-002
  0.172820E+001  0.215896E+001  0.400000E+001  0.189635E-002
  0.173000E+001  0.216434E+001  0.400000E+001  0.189038E-002
  0.173180E+001  0.216970E+001  0.400000E+001  0.188446E-002
  0.173360E+001  0.217505E+001  0.400000E+001  0.187858E-002
  0.173540E+001  0.218039E+001  0.400000E+001  0.187274E-002
  0.173720E+001  0.218572E+001  0.400000E+001  0.186694E-002
  0.173900E+001  0.219104E+001  0.400000E+001  0.186119E-002
  0.174080E+001  0.219635E+001  0.400000E+001  0.185547E-002
  0.174260E+001  0.220165E+001  0.400000E+001  0.184979E-002
  0.174440E+001  0.220693E+001  0.400000E+001  0.184415E-002
  0.174620E+001  0.221221E+001  0.400000E+001  0.183855E-002
  0.174800E+001  0.221748E+001  0.400000E+001  0.183299E-002
  0.174980E+001  0.222273E+001  0.400000E+001  0.182746E-002
  0.175160E+001  0.222797E+001  0.400000E+001  0.182198E-002
  0.175340E+001  0.223321E+001  0.400000E+001  0.181653E-002
  0.175520E+001  0.223843E+001  0.400000E+001  0.181111E-002
  0.175700E+001  0.224364E+001  0.400000E+001  0.180574E-002
  0.175880E+001  0.224884E+001  0.400000E+001  0.180039E-002
  0.176060E+001  0.225403E+001  0.400000E+001  0.179509E-002
  0.176240E+001  0.225922E+001  0.400000E+001  0.178982E-002
  0.176420E+001  0.226439E+001  0.400000E+001  0.178458E-002
  0.176600E+001  0.226955E+001  0.400000E+001  0.177938E-002
  0.176780E+001  0.227470E+001  0.400000E+001  0.177421E-002
  0.176960E+001  0.227984E+001  0.400000E+001  0.176908E-002
  0.177140E+001  0.228498E+001  0.400000E+001  0.176397E-002
  0.177320E+001  0.229010E+001  0.400000E+001  0.175891E-002
  0.177500E+001  0.229521E+001  0.400000E+001  0.175387E-002
  0.177680E+001  0.230031E+001  0.400000E+001  0.174887E-002
  0.177860E+001  0.230541E+001  0.400000E+001  0.174389E-002
  0.178040E+001  0.231049E+001  0.400000E+001  0.173895E-002
  0.178220E+001  0.231557E+001  0.400000E+001  0.173404E-002
  0.178400E+001  0.232063E+001  0.400000E+001  0.172916E-002
  0.178580E+001  0.232569E+001  0.400000E+001  0.172430E-002
  0.178760E+001  0.233074E+001  0.400000E+001  0.171945E-002
  0.178940E+001  0.233577E+001  0.400000E+001  0.171458E-002
  0.179120E+001  0.234080E+001  0.300000E+001  0.170932E-002
  0.179300E+001  0.234563E+001  0.300000E+001  0.242585E-003
%seventh
0.179300E+001  0.275298E+001  0.300000E+001  0.807908E-003
  0.179311E+001  0.275312E+001  0.300000E+001  0.807847E-003
  0.179321E+001  0.275327E+001  0.300000E+001  0.807786E-003
  0.179332E+001  0.275341E+001  0.300000E+001  0.807725E-003
  0.179342E+001  0.275355E+001  0.300000E+001  0.807665E-003
  0.179353E+001  0.275369E+001  0.300000E+001  0.807604E-003
  0.179364E+001  0.275383E+001  0.300000E+001  0.807543E-003
  0.179374E+001  0.275398E+001  0.300000E+001  0.807482E-003
  0.179385E+001  0.275412E+001  0.300000E+001  0.807421E-003
  0.179395E+001  0.275426E+001  0.300000E+001  0.807361E-003
  0.179406E+001  0.275440E+001  0.300000E+001  0.807300E-003
  0.179417E+001  0.234907E+001  0.400000E+001  0.170110E-002
  0.179427E+001  0.234936E+001  0.400000E+001  0.170099E-002
  0.179438E+001  0.234966E+001  0.400000E+001  0.170084E-002
  0.179448E+001  0.234995E+001  0.400000E+001  0.170067E-002
  0.179459E+001  0.275511E+001  0.300000E+001  0.806996E-003
  0.179470E+001  0.235054E+001  0.400000E+001  0.170027E-002
  0.179480E+001  0.235084E+001  0.400000E+001  0.170005E-002
  0.179491E+001  0.235113E+001  0.400000E+001  0.169983E-002
  0.179501E+001  0.235143E+001  0.400000E+001  0.169960E-002
  0.179512E+001  0.235172E+001  0.400000E+001  0.169936E-002
  0.179523E+001  0.235202E+001  0.400000E+001  0.169911E-002
  0.179533E+001  0.235231E+001  0.400000E+001  0.169887E-002
  0.179544E+001  0.235261E+001  0.400000E+001  0.169862E-002
  0.179554E+001  0.235290E+001  0.400000E+001  0.169836E-002
  0.179565E+001  0.235320E+001  0.400000E+001  0.169811E-002
  0.179576E+001  0.235349E+001  0.400000E+001  0.169785E-002
  0.179586E+001  0.235379E+001  0.400000E+001  0.169759E-002
  0.179597E+001  0.235408E+001  0.400000E+001  0.169733E-002
  0.179607E+001  0.235437E+001  0.400000E+001  0.169707E-002
  0.179618E+001  0.235467E+001  0.400000E+001  0.169680E-002
  0.179629E+001  0.235496E+001  0.400000E+001  0.169654E-002
  0.179639E+001  0.235526E+001  0.400000E+001  0.169628E-002
  0.179650E+001  0.235555E+001  0.400000E+001  0.169601E-002
  0.179660E+001  0.235585E+001  0.400000E+001  0.169574E-002
  0.179671E+001  0.235614E+001  0.400000E+001  0.169548E-002
  0.179682E+001  0.235643E+001  0.400000E+001  0.169521E-002
  0.179692E+001  0.235673E+001  0.400000E+001  0.169494E-002
  0.179703E+001  0.235702E+001  0.400000E+001  0.169467E-002
  0.179713E+001  0.235732E+001  0.400000E+001  0.169441E-002
  0.179724E+001  0.235761E+001  0.400000E+001  0.169414E-002
  0.179735E+001  0.235791E+001  0.400000E+001  0.169387E-002
  0.179745E+001  0.235820E+001  0.400000E+001  0.169360E-002
  0.179756E+001  0.235849E+001  0.400000E+001  0.169333E-002
  0.179766E+001  0.235879E+001  0.400000E+001  0.169306E-002
  0.179777E+001  0.235908E+001  0.400000E+001  0.169279E-002
  0.179788E+001  0.235938E+001  0.400000E+001  0.169252E-002
  0.179798E+001  0.235967E+001  0.400000E+001  0.169225E-002
  0.179809E+001  0.235996E+001  0.400000E+001  0.169198E-002
  0.179819E+001  0.236026E+001  0.400000E+001  0.169171E-002
  0.179830E+001  0.236055E+001  0.400000E+001  0.169144E-002
  0.179841E+001  0.236084E+001  0.400000E+001  0.169117E-002
  0.179851E+001  0.236114E+001  0.400000E+001  0.169090E-002
  0.179862E+001  0.236143E+001  0.400000E+001  0.169063E-002
  0.179872E+001  0.236173E+001  0.400000E+001  0.169036E-002
  0.179883E+001  0.236202E+001  0.400000E+001  0.169009E-002
  0.179894E+001  0.236231E+001  0.400000E+001  0.168982E-002
  0.179904E+001  0.236261E+001  0.400000E+001  0.168955E-002
  0.179915E+001  0.236290E+001  0.400000E+001  0.168928E-002
  0.179925E+001  0.236319E+001  0.400000E+001  0.168901E-002
  0.179936E+001  0.236349E+001  0.400000E+001  0.168874E-002
  0.179947E+001  0.236378E+001  0.400000E+001  0.168847E-002
  0.179957E+001  0.236407E+001  0.400000E+001  0.168820E-002
  0.179968E+001  0.236437E+001  0.400000E+001  0.168793E-002
  0.179978E+001  0.236466E+001  0.400000E+001  0.168766E-002
  0.179989E+001  0.236495E+001  0.400000E+001  0.168739E-002
  0.180000E+001  0.236525E+001  0.400000E+001  0.168712E-002
  0.180010E+001  0.236554E+001  0.400000E+001  0.168685E-002
  0.180021E+001  0.236583E+001  0.400000E+001  0.168658E-002
  0.180031E+001  0.236613E+001  0.400000E+001  0.168631E-002
  0.180042E+001  0.236642E+001  0.400000E+001  0.168604E-002
  0.180053E+001  0.236671E+001  0.400000E+001  0.168577E-002
  0.180063E+001  0.236701E+001  0.400000E+001  0.168550E-002
  0.180074E+001  0.236730E+001  0.400000E+001  0.168524E-002
  0.180084E+001  0.236759E+001  0.400000E+001  0.168497E-002
  0.180095E+001  0.236789E+001  0.400000E+001  0.168470E-002
  0.180106E+001  0.236818E+001  0.400000E+001  0.168443E-002
  0.180116E+001  0.236847E+001  0.400000E+001  0.168416E-002
  0.180127E+001  0.236876E+001  0.400000E+001  0.168389E-002
  0.180137E+001  0.236906E+001  0.400000E+001  0.168362E-002
  0.180148E+001  0.236935E+001  0.400000E+001  0.168335E-002
  0.180159E+001  0.236964E+001  0.400000E+001  0.168308E-002
  0.180169E+001  0.236994E+001  0.400000E+001  0.168281E-002
  0.180180E+001  0.237023E+001  0.400000E+001  0.168255E-002
  0.180190E+001  0.237052E+001  0.400000E+001  0.168228E-002
  0.180201E+001  0.237081E+001  0.400000E+001  0.168201E-002
  0.180212E+001  0.237111E+001  0.400000E+001  0.168174E-002
  0.180222E+001  0.237140E+001  0.400000E+001  0.168147E-002
  0.180233E+001  0.237169E+001  0.400000E+001  0.168120E-002
  0.180243E+001  0.237199E+001  0.400000E+001  0.168093E-002
  0.180254E+001  0.237228E+001  0.400000E+001  0.168067E-002
  0.180265E+001  0.237257E+001  0.400000E+001  0.168040E-002
  0.180275E+001  0.237286E+001  0.400000E+001  0.168013E-002
  0.180286E+001  0.237316E+001  0.400000E+001  0.167986E-002
  0.180296E+001  0.237345E+001  0.400000E+001  0.167959E-002
  0.180307E+001  0.237374E+001  0.400000E+001  0.167933E-002
  0.180318E+001  0.237403E+001  0.400000E+001  0.167906E-002
  0.180328E+001  0.237433E+001  0.400000E+001  0.167879E-002
  0.180339E+001  0.237462E+001  0.400000E+001  0.167852E-002
  0.180349E+001  0.235938E+001  0.500000E+001  0.399169E-003
  0.180360E+001  0.185062E-001  0.600000E+001  0.263530E+000
%eighth
0.180350E+001  0.237493E+001  0.500000E+001  0.167824E-002
  0.180801E+001  0.238734E+001  0.500000E+001  0.166695E-002
  0.181252E+001  0.239969E+001  0.500000E+001  0.165582E-002
  0.181703E+001  0.241200E+001  0.500000E+001  0.164486E-002
  0.182154E+001  0.242425E+001  0.500000E+001  0.163406E-002
  0.182605E+001  0.243645E+001  0.500000E+001  0.162341E-002
  0.183056E+001  0.244860E+001  0.500000E+001  0.161293E-002
  0.183507E+001  0.246070E+001  0.500000E+001  0.160259E-002
  0.183958E+001  0.247275E+001  0.500000E+001  0.159241E-002
  0.184409E+001  0.248475E+001  0.500000E+001  0.158237E-002
  0.184860E+001  0.249671E+001  0.500000E+001  0.157247E-002
  0.185311E+001  0.250862E+001  0.500000E+001  0.156271E-002
  0.185762E+001  0.252048E+001  0.500000E+001  0.155309E-002
  0.186213E+001  0.253230E+001  0.500000E+001  0.154360E-002
  0.186664E+001  0.254407E+001  0.500000E+001  0.153425E-002
  0.187115E+001  0.255580E+001  0.500000E+001  0.152503E-002
  0.187566E+001  0.256748E+001  0.500000E+001  0.151593E-002
  0.188017E+001  0.257912E+001  0.500000E+001  0.150696E-002
  0.188468E+001  0.259072E+001  0.500000E+001  0.149811E-002
  0.188919E+001  0.260228E+001  0.500000E+001  0.148938E-002
  0.189370E+001  0.261379E+001  0.500000E+001  0.148077E-002
  0.189821E+001  0.262527E+001  0.500000E+001  0.147228E-002
  0.190272E+001  0.263670E+001  0.500000E+001  0.146390E-002
  0.190723E+001  0.264810E+001  0.500000E+001  0.145564E-002
  0.191174E+001  0.265945E+001  0.500000E+001  0.144748E-002
  0.191625E+001  0.267077E+001  0.500000E+001  0.143944E-002
  0.192076E+001  0.268204E+001  0.500000E+001  0.143150E-002
  0.192527E+001  0.269328E+001  0.500000E+001  0.142368E-002
  0.192978E+001  0.270448E+001  0.500000E+001  0.141595E-002
  0.193429E+001  0.271565E+001  0.500000E+001  0.140833E-002
  0.193880E+001  0.272678E+001  0.500000E+001  0.140082E-002
  0.194331E+001  0.273787E+001  0.500000E+001  0.139340E-002
  0.194782E+001  0.274893E+001  0.500000E+001  0.138609E-002
  0.195233E+001  0.275995E+001  0.500000E+001  0.137888E-002
  0.195684E+001  0.277093E+001  0.500000E+001  0.137177E-002
  0.196135E+001  0.278189E+001  0.500000E+001  0.136476E-002
  0.196586E+001  0.279280E+001  0.500000E+001  0.135784E-002
  0.197037E+001  0.280369E+001  0.500000E+001  0.135102E-002
  0.197488E+001  0.281454E+001  0.500000E+001  0.134431E-002
  0.197939E+001  0.282536E+001  0.500000E+001  0.133769E-002
  0.198390E+001  0.283614E+001  0.500000E+001  0.133116E-002
  0.198841E+001  0.284690E+001  0.500000E+001  0.132474E-002
  0.199292E+001  0.285762E+001  0.500000E+001  0.131841E-002
  0.199743E+001  0.286831E+001  0.500000E+001  0.131219E-002
  0.200194E+001  0.287897E+001  0.500000E+001  0.130606E-002
  0.200645E+001  0.288960E+001  0.500000E+001  0.130004E-002
  0.201096E+001  0.290020E+001  0.500000E+001  0.129412E-002
  0.201547E+001  0.291077E+001  0.500000E+001  0.128831E-002
  0.201998E+001  0.292130E+001  0.500000E+001  0.128260E-002
  0.202449E+001  0.293181E+001  0.500000E+001  0.127701E-002
  0.202900E+001  0.294229E+001  0.500000E+001  0.127153E-002
  0.203351E+001  0.295274E+001  0.500000E+001  0.126617E-002
  0.203802E+001  0.296317E+001  0.500000E+001  0.126093E-002
  0.204253E+001  0.297356E+001  0.500000E+001  0.125582E-002
  0.204704E+001  0.298393E+001  0.500000E+001  0.125085E-002
  0.205155E+001  0.299427E+001  0.500000E+001  0.124602E-002
  0.205606E+001  0.300458E+001  0.500000E+001  0.124135E-002
  0.206057E+001  0.301486E+001  0.500000E+001  0.123684E-002
  0.206508E+001  0.302512E+001  0.500000E+001  0.123252E-002
  0.206959E+001  0.303535E+001  0.500000E+001  0.122839E-002
  0.207410E+001  0.304555E+001  0.500000E+001  0.122448E-002
  0.207861E+001  0.305573E+001  0.500000E+001  0.122082E-002
  0.208312E+001  0.306588E+001  0.500000E+001  0.121743E-002
  0.208763E+001  0.307601E+001  0.500000E+001  0.121436E-002
  0.209214E+001  0.308611E+001  0.500000E+001  0.121165E-002
  0.209665E+001  0.309619E+001  0.500000E+001  0.120938E-002
  0.210116E+001  0.310624E+001  0.500000E+001  0.120761E-002
  0.210567E+001  0.311626E+001  0.500000E+001  0.120648E-002
  0.211018E+001  0.312626E+001  0.500000E+001  0.120611E-002
  0.211469E+001  0.313624E+001  0.500000E+001  0.120673E-002
  0.211920E+001  0.314619E+001  0.500000E+001  0.120861E-002
  0.212371E+001  0.315611E+001  0.500000E+001  0.121219E-002
  0.212822E+001  0.316601E+001  0.500000E+001  0.121813E-002
  0.213273E+001  0.317589E+001  0.500000E+001  0.122747E-002
  0.213724E+001  0.318573E+001  0.500000E+001  0.124200E-002
  0.214175E+001  0.319554E+001  0.500000E+001  0.126503E-002
  0.214626E+001  0.320532E+001  0.500000E+001  0.130332E-002
  0.215077E+001  0.321503E+001  0.500000E+001  0.137275E-002
  0.215528E+001  0.322462E+001  0.500000E+001  0.151509E-002
  0.215979E+001  0.323371E+001  0.400000E+001  0.174324E-002
  0.216430E+001  0.324110E+001  0.500000E+001  0.137118E-002
  0.216881E+001  0.324733E+001  0.500000E+001  0.104154E-002
  0.217332E+001  0.325331E+001  0.500000E+001  0.906770E-003
  0.217783E+001  0.325922E+001  0.500000E+001  0.838420E-003
  0.218234E+001  0.326511E+001  0.500000E+001  0.797412E-003
  0.218685E+001  0.327098E+001  0.500000E+001  0.769969E-003
  0.219136E+001  0.327685E+001  0.500000E+001  0.750176E-003
  0.219587E+001  0.328270E+001  0.500000E+001  0.735106E-003
  0.220038E+001  0.328856E+001  0.500000E+001  0.723149E-003
  0.220489E+001  0.329441E+001  0.500000E+001  0.713352E-003
  0.220940E+001  0.330026E+001  0.500000E+001  0.705114E-003
  0.221391E+001  0.330610E+001  0.500000E+001  0.698039E-003
  0.221842E+001  0.331195E+001  0.500000E+001  0.691855E-003
  0.222293E+001  0.331779E+001  0.500000E+001  0.686367E-003
  0.222744E+001  0.332363E+001  0.500000E+001  0.681435E-003
  0.223195E+001  0.332947E+001  0.500000E+001  0.676955E-003
  0.223646E+001  0.333530E+001  0.500000E+001  0.672846E-003
  0.224097E+001  0.334114E+001  0.500000E+001  0.669046E-003
  0.224548E+001  0.334697E+001  0.500000E+001  0.665508E-003
  0.224999E+001  0.335280E+001  0.500000E+001  0.662191E-003
  0.225450E+001  0.295046E+001  0.600000E+001  0.311176E-003
%nineth
0.225440E+001  0.343473E+001  0.500000E+001  0.966106E-003
  0.225870E+001  0.336405E+001  0.600000E+001  0.656306E-003
  0.226299E+001  0.336960E+001  0.600000E+001  0.653612E-003
  0.226729E+001  0.337515E+001  0.600000E+001  0.651034E-003
  0.227158E+001  0.338070E+001  0.600000E+001  0.648560E-003
  0.227588E+001  0.338625E+001  0.600000E+001  0.646178E-003
  0.228018E+001  0.339179E+001  0.600000E+001  0.643880E-003
  0.228447E+001  0.339733E+001  0.600000E+001  0.641657E-003
  0.228877E+001  0.340288E+001  0.600000E+001  0.639501E-003
  0.229306E+001  0.340842E+001  0.600000E+001  0.637408E-003
  0.229736E+001  0.341396E+001  0.600000E+001  0.635371E-003
  0.230166E+001  0.341950E+001  0.600000E+001  0.633386E-003
  0.230595E+001  0.342504E+001  0.600000E+001  0.631449E-003
  0.231025E+001  0.343058E+001  0.600000E+001  0.629556E-003
  0.231454E+001  0.343611E+001  0.600000E+001  0.627703E-003
  0.231884E+001  0.344165E+001  0.600000E+001  0.625889E-003
  0.232314E+001  0.344718E+001  0.600000E+001  0.624109E-003
  0.232743E+001  0.345271E+001  0.600000E+001  0.622363E-003
  0.233173E+001  0.345825E+001  0.600000E+001  0.620647E-003
  0.233602E+001  0.346378E+001  0.600000E+001  0.618959E-003
  0.234032E+001  0.346931E+001  0.600000E+001  0.617299E-003
  0.234462E+001  0.347483E+001  0.600000E+001  0.615665E-003
  0.234891E+001  0.348036E+001  0.600000E+001  0.614054E-003
  0.235321E+001  0.348589E+001  0.600000E+001  0.612467E-003
  0.235750E+001  0.349141E+001  0.600000E+001  0.610901E-003
  0.236180E+001  0.349694E+001  0.600000E+001  0.609355E-003
  0.236610E+001  0.350246E+001  0.600000E+001  0.607829E-003
  0.237039E+001  0.350799E+001  0.600000E+001  0.606322E-003
  0.237469E+001  0.351351E+001  0.600000E+001  0.604832E-003
  0.237898E+001  0.351903E+001  0.600000E+001  0.603359E-003
  0.238328E+001  0.352455E+001  0.600000E+001  0.601903E-003
  0.238758E+001  0.370272E+001  0.500000E+001  0.881197E-003
  0.239187E+001  0.353558E+001  0.600000E+001  0.599036E-003
  0.239617E+001  0.354110E+001  0.600000E+001  0.597624E-003
  0.240046E+001  0.354662E+001  0.600000E+001  0.596226E-003
  0.240476E+001  0.355213E+001  0.600000E+001  0.594841E-003
  0.240906E+001  0.355765E+001  0.600000E+001  0.593469E-003
  0.241335E+001  0.356316E+001  0.600000E+001  0.592110E-003
  0.241765E+001  0.356867E+001  0.600000E+001  0.590762E-003
  0.242194E+001  0.357418E+001  0.600000E+001  0.589426E-003
  0.242624E+001  0.357969E+001  0.600000E+001  0.588101E-003
  0.243054E+001  0.358520E+001  0.600000E+001  0.586787E-003
  0.243483E+001  0.359071E+001  0.600000E+001  0.585483E-003
  0.243913E+001  0.359622E+001  0.600000E+001  0.584189E-003
  0.244342E+001  0.360173E+001  0.600000E+001  0.582906E-003
  0.244772E+001  0.360724E+001  0.600000E+001  0.581632E-003
  0.245202E+001  0.361274E+001  0.600000E+001  0.580367E-003
  0.245631E+001  0.361825E+001  0.600000E+001  0.579112E-003
  0.246061E+001  0.362375E+001  0.600000E+001  0.577865E-003
  0.246490E+001  0.362925E+001  0.600000E+001  0.576628E-003
  0.246920E+001  0.363476E+001  0.600000E+001  0.575398E-003
  0.247350E+001  0.364026E+001  0.600000E+001  0.574177E-003
  0.247779E+001  0.364576E+001  0.600000E+001  0.572964E-003
  0.248209E+001  0.365126E+001  0.600000E+001  0.571759E-003
  0.248638E+001  0.365676E+001  0.600000E+001  0.570561E-003
  0.249068E+001  0.366225E+001  0.600000E+001  0.569371E-003
  0.249498E+001  0.366775E+001  0.600000E+001  0.568188E-003
  0.249927E+001  0.367325E+001  0.600000E+001  0.567013E-003
  0.250357E+001  0.367875E+001  0.600000E+001  0.565844E-003
  0.250786E+001  0.368424E+001  0.600000E+001  0.564683E-003
  0.251216E+001  0.368974E+001  0.600000E+001  0.563528E-003
  0.251646E+001  0.369523E+001  0.600000E+001  0.562380E-003
  0.252075E+001  0.370072E+001  0.600000E+001  0.561239E-003
  0.252505E+001  0.370621E+001  0.600000E+001  0.560104E-003
  0.252934E+001  0.371171E+001  0.600000E+001  0.558975E-003
  0.253364E+001  0.371720E+001  0.600000E+001  0.557853E-003
  0.253794E+001  0.372269E+001  0.600000E+001  0.556737E-003
  0.254223E+001  0.372818E+001  0.600000E+001  0.555626E-003
  0.254653E+001  0.373367E+001  0.600000E+001  0.554522E-003
  0.255082E+001  0.373915E+001  0.600000E+001  0.553423E-003
  0.255512E+001  0.374464E+001  0.600000E+001  0.552330E-003
  0.255942E+001  0.375013E+001  0.600000E+001  0.551243E-003
  0.256371E+001  0.375562E+001  0.600000E+001  0.550161E-003
  0.256801E+001  0.376110E+001  0.600000E+001  0.549084E-003
  0.257230E+001  0.376659E+001  0.600000E+001  0.548013E-003
  0.257660E+001  0.377207E+001  0.600000E+001  0.546947E-003
  0.258090E+001  0.377755E+001  0.600000E+001  0.545887E-003
  0.258519E+001  0.378304E+001  0.600000E+001  0.544831E-003
  0.258949E+001  0.378852E+001  0.600000E+001  0.543781E-003
  0.259378E+001  0.379400E+001  0.600000E+001  0.542735E-003
  0.259808E+001  0.379948E+001  0.600000E+001  0.541695E-003
  0.260238E+001  0.380496E+001  0.600000E+001  0.540659E-003
  0.260667E+001  0.381044E+001  0.600000E+001  0.539628E-003
  0.261097E+001  0.381592E+001  0.600000E+001  0.538602E-003
  0.261526E+001  0.382140E+001  0.600000E+001  0.537580E-003
  0.261956E+001  0.382688E+001  0.600000E+001  0.536563E-003
  0.262386E+001  0.383236E+001  0.600000E+001  0.535551E-003
  0.262815E+001  0.383783E+001  0.600000E+001  0.534543E-003
  0.263245E+001  0.384331E+001  0.600000E+001  0.533539E-003
  0.263674E+001  0.384879E+001  0.600000E+001  0.532540E-003
  0.264104E+001  0.385426E+001  0.600000E+001  0.531545E-003
  0.264534E+001  0.385974E+001  0.600000E+001  0.530554E-003
  0.264963E+001  0.386521E+001  0.600000E+001  0.529567E-003
  0.265393E+001  0.387068E+001  0.600000E+001  0.528584E-003
  0.265822E+001  0.387616E+001  0.600000E+001  0.527606E-003
  0.266252E+001  0.388163E+001  0.600000E+001  0.526631E-003
  0.266682E+001  0.388710E+001  0.600000E+001  0.525661E-003
  0.267111E+001  0.389257E+001  0.600000E+001  0.524694E-003
  0.267541E+001  0.389804E+001  0.600000E+001  0.523730E-003
  0.267970E+001  0.390351E+001  0.500000E+001  0.522771E-003
  0.268400E+001  0.390898E+001  0.500000E+001  0.521814E-003
