 0.225440E+001  0.272619E+001  0.500000E+001  0.152984E-002
  0.225870E+001  0.289272E+000  0.600000E+001  0.166039E-001
  0.226299E+001  0.410981E+000  0.600000E+001  0.116748E-001
  0.226729E+001  0.504183E+000  0.600000E+001  0.950555E-002
  0.227158E+001  0.582713E+000  0.600000E+001  0.821462E-002
  0.227588E+001  0.651895E+000  0.600000E+001  0.733388E-002
  0.228018E+001  0.714447E+000  0.600000E+001  0.668355E-002
  0.228447E+001  0.771983E+000  0.600000E+001  0.617779E-002
  0.228877E+001  0.825552E+000  0.600000E+001  0.576978E-002
  0.229306E+001  0.875882E+000  0.600000E+001  0.543151E-002
  0.229736E+001  0.923502E+000  0.600000E+001  0.514507E-002
  0.230166E+001  0.968812E+000  0.600000E+001  0.489838E-002
  0.230595E+001  0.101212E+001  0.600000E+001  0.468298E-002
  0.231025E+001  0.105368E+001  0.600000E+001  0.449274E-002
  0.231454E+001  0.109368E+001  0.600000E+001  0.432308E-002
  0.231884E+001  0.113230E+001  0.600000E+001  0.417051E-002
  0.232314E+001  0.116966E+001  0.600000E+001  0.403234E-002
  0.232743E+001  0.120589E+001  0.600000E+001  0.390640E-002
  0.233173E+001  0.124108E+001  0.600000E+001  0.379098E-002
  0.233602E+001  0.127532E+001  0.600000E+001  0.368469E-002
  0.234032E+001  0.130868E+001  0.600000E+001  0.358637E-002
  0.234462E+001  0.134124E+001  0.600000E+001  0.349505E-002
  0.234891E+001  0.137304E+001  0.600000E+001  0.340995E-002
  0.235321E+001  0.140415E+001  0.600000E+001  0.333037E-002
  0.235750E+001  0.143459E+001  0.600000E+001  0.325575E-002
  0.236180E+001  0.146442E+001  0.600000E+001  0.318557E-002
  0.236610E+001  0.149367E+001  0.600000E+001  0.311941E-002
  0.237039E+001  0.152238E+001  0.600000E+001  0.305691E-002
  0.237469E+001  0.155057E+001  0.600000E+001  0.299772E-002
  0.237898E+001  0.157828E+001  0.600000E+001  0.294156E-002
  0.238328E+001  0.160552E+001  0.600000E+001  0.288818E-002
  0.238758E+001  0.163233E+001  0.500000E+001  0.283736E-002
  0.239187E+001  0.165872E+001  0.600000E+001  0.278889E-002
  0.239617E+001  0.168471E+001  0.600000E+001  0.274260E-002
  0.240046E+001  0.171032E+001  0.600000E+001  0.269832E-002
  0.240476E+001  0.173556E+001  0.600000E+001  0.265592E-002
  0.240906E+001  0.176046E+001  0.600000E+001  0.261525E-002
  0.241335E+001  0.178503E+001  0.600000E+001  0.257621E-002
  0.241765E+001  0.180928E+001  0.600000E+001  0.253869E-002
  0.242194E+001  0.183322E+001  0.600000E+001  0.250259E-002
  0.242624E+001  0.185686E+001  0.600000E+001  0.246782E-002
  0.243054E+001  0.188022E+001  0.600000E+001  0.243430E-002
  0.243483E+001  0.190331E+001  0.600000E+001  0.240196E-002
  0.243913E+001  0.192614E+001  0.600000E+001  0.237072E-002
  0.244342E+001  0.194871E+001  0.600000E+001  0.234053E-002
  0.244772E+001  0.197103E+001  0.600000E+001  0.231133E-002
  0.245202E+001  0.199312E+001  0.600000E+001  0.228307E-002
  0.245631E+001  0.201498E+001  0.600000E+001  0.225568E-002
  0.246061E+001  0.203661E+001  0.600000E+001  0.222914E-002
  0.246490E+001  0.205803E+001  0.600000E+001  0.220339E-002
  0.246920E+001  0.207925E+001  0.600000E+001  0.217840E-002
  0.247350E+001  0.210026E+001  0.600000E+001  0.215413E-002
  0.247779E+001  0.212107E+001  0.600000E+001  0.213055E-002
  0.248209E+001  0.214169E+001  0.600000E+001  0.210762E-002
  0.248638E+001  0.216213E+001  0.600000E+001  0.208531E-002
  0.249068E+001  0.218239E+001  0.600000E+001  0.206360E-002
  0.249498E+001  0.220248E+001  0.600000E+001  0.204245E-002
  0.249927E+001  0.222239E+001  0.600000E+001  0.202185E-002
  0.250357E+001  0.224214E+001  0.600000E+001  0.200177E-002
  0.250786E+001  0.226172E+001  0.600000E+001  0.198220E-002
  0.251216E+001  0.228115E+001  0.600000E+001  0.196309E-002
  0.251646E+001  0.230043E+001  0.600000E+001  0.194445E-002
  0.252075E+001  0.231956E+001  0.600000E+001  0.192625E-002
  0.252505E+001  0.233854E+001  0.600000E+001  0.190847E-002
  0.252934E+001  0.235737E+001  0.600000E+001  0.189110E-002
  0.253364E+001  0.237607E+001  0.600000E+001  0.187412E-002
  0.253794E+001  0.239464E+001  0.600000E+001  0.185752E-002
  0.254223E+001  0.241307E+001  0.600000E+001  0.184128E-002
  0.254653E+001  0.243137E+001  0.600000E+001  0.182539E-002
  0.255082E+001  0.244955E+001  0.600000E+001  0.180984E-002
  0.255512E+001  0.246760E+001  0.600000E+001  0.179461E-002
  0.255942E+001  0.248553E+001  0.600000E+001  0.177970E-002
  0.256371E+001  0.250334E+001  0.600000E+001  0.176509E-002
  0.256801E+001  0.252104E+001  0.600000E+001  0.175077E-002
  0.257230E+001  0.253862E+001  0.600000E+001  0.173674E-002
  0.257660E+001  0.255609E+001  0.600000E+001  0.172298E-002
  0.258090E+001  0.257346E+001  0.600000E+001  0.170949E-002
  0.258519E+001  0.259071E+001  0.600000E+001  0.169625E-002
  0.258949E+001  0.260786E+001  0.600000E+001  0.168326E-002
  0.259378E+001  0.262491E+001  0.600000E+001  0.167052E-002
  0.259808E+001  0.264186E+001  0.600000E+001  0.165800E-002
  0.260238E+001  0.265871E+001  0.600000E+001  0.164571E-002
  0.260667E+001  0.267546E+001  0.600000E+001  0.163365E-002
  0.261097E+001  0.269211E+001  0.600000E+001  0.162179E-002
  0.261526E+001  0.270868E+001  0.600000E+001  0.161014E-002
  0.261956E+001  0.272515E+001  0.600000E+001  0.159870E-002
  0.262386E+001  0.274153E+001  0.600000E+001  0.158744E-002
  0.262815E+001  0.275782E+001  0.600000E+001  0.157638E-002
  0.263245E+001  0.277403E+001  0.600000E+001  0.156550E-002
  0.263674E+001  0.279015E+001  0.600000E+001  0.155480E-002
  0.264104E+001  0.280619E+001  0.600000E+001  0.154428E-002
  0.264534E+001  0.282214E+001  0.600000E+001  0.153392E-002
  0.264963E+001  0.283801E+001  0.600000E+001  0.152373E-002
  0.265393E+001  0.285381E+001  0.600000E+001  0.151370E-002
  0.265822E+001  0.286952E+001  0.600000E+001  0.150383E-002
  0.266252E+001  0.288516E+001  0.600000E+001  0.149411E-002
  0.266682E+001  0.290072E+001  0.600000E+001  0.148454E-002
  0.267111E+001  0.291621E+001  0.600000E+001  0.147511E-002
  0.267541E+001  0.293162E+001  0.600000E+001  0.146583E-002
  0.267970E+001  0.294696E+001  0.500000E+001  0.145668E-002
  0.268400E+001  0.296223E+001  0.500000E+001  0.144767E-002