  0.550000E-001  0.673132E-001  0.100000E+001  0.131737E-001
  0.589580E-001  0.725521E-001  0.100000E+001  0.122678E-001
  0.629160E-001  0.777830E-001  0.100000E+001  0.114803E-001
  0.668740E-001  0.830077E-001  0.100000E+001  0.107891E-001
  0.708320E-001  0.882274E-001  0.100000E+001  0.101773E-001
  0.747900E-001  0.934429E-001  0.100000E+001  0.963167E-002
  0.787480E-001  0.986552E-001  0.100000E+001  0.914204E-002
  0.827060E-001  0.103865E+000  0.100000E+001  0.870009E-002
  0.866640E-001  0.109072E+000  0.100000E+001  0.829913E-002
  0.906220E-001  0.114277E+000  0.100000E+001  0.793368E-002
  0.945800E-001  0.119480E+000  0.100000E+001  0.759919E-002
  0.985380E-001  0.124682E+000  0.100000E+001  0.729186E-002
  0.102496E+000  0.129883E+000  0.100000E+001  0.700851E-002
  0.106454E+000  0.135082E+000  0.100000E+001  0.674642E-002
  0.110412E+000  0.140281E+000  0.100000E+001  0.650327E-002
  0.114370E+000  0.145479E+000  0.100000E+001  0.627707E-002
  0.118328E+000  0.150675E+000  0.100000E+001  0.606612E-002
  0.122286E+000  0.155872E+000  0.100000E+001  0.586890E-002
  0.126244E+000  0.161067E+000  0.100000E+001  0.568412E-002
  0.130202E+000  0.166262E+000  0.100000E+001  0.551064E-002
  0.134160E+000  0.171457E+000  0.100000E+001  0.534745E-002
  0.138118E+000  0.176651E+000  0.100000E+001  0.519365E-002
  0.142076E+000  0.181844E+000  0.100000E+001  0.504847E-002
  0.146034E+000  0.187038E+000  0.100000E+001  0.491118E-002
  0.149992E+000  0.192231E+000  0.100000E+001  0.478117E-002
  0.153950E+000  0.197423E+000  0.100000E+001  0.465786E-002
  0.157908E+000  0.202615E+000  0.100000E+001  0.454076E-002
  0.161866E+000  0.207807E+000  0.100000E+001  0.442940E-002
  0.165824E+000  0.212999E+000  0.100000E+001  0.432338E-002
  0.169782E+000  0.218191E+000  0.100000E+001  0.422231E-002
  0.173740E+000  0.223382E+000  0.100000E+001  0.412586E-002
  0.177698E+000  0.228573E+000  0.100000E+001  0.403372E-002
  0.181656E+000  0.233764E+000  0.100000E+001  0.394560E-002
  0.185614E+000  0.238955E+000  0.100000E+001  0.386125E-002
  0.189572E+000  0.244145E+000  0.100000E+001  0.378043E-002
  0.193530E+000  0.249336E+000  0.100000E+001  0.370292E-002
  0.197488E+000  0.254526E+000  0.100000E+001  0.362853E-002
  0.201446E+000  0.259716E+000  0.100000E+001  0.355706E-002
  0.205404E+000  0.264906E+000  0.100000E+001  0.348836E-002
  0.209362E+000  0.270096E+000  0.100000E+001  0.342225E-002
  0.213320E+000  0.275286E+000  0.100000E+001  0.335860E-002
  0.217278E+000  0.280476E+000  0.100000E+001  0.329728E-002
  0.221236E+000  0.285665E+000  0.100000E+001  0.323815E-002
  0.225194E+000  0.290855E+000  0.100000E+001  0.318110E-002
  0.229152E+000  0.296044E+000  0.100000E+001  0.312603E-002
  0.233110E+000  0.301234E+000  0.100000E+001  0.307283E-002
  0.237068E+000  0.306423E+000  0.100000E+001  0.302141E-002
  0.241026E+000  0.311612E+000  0.100000E+001  0.297168E-002
  0.244984E+000  0.316801E+000  0.100000E+001  0.292355E-002
  0.248942E+000  0.321990E+000  0.100000E+001  0.287696E-002
  0.252900E+000  0.327180E+000  0.100000E+001  0.283183E-002
  0.256858E+000  0.332368E+000  0.100000E+001  0.278809E-002
  0.260816E+000  0.337557E+000  0.100000E+001  0.274568E-002
  0.264774E+000  0.342746E+000  0.100000E+001  0.270454E-002
  0.268732E+000  0.347935E+000  0.100000E+001  0.266461E-002
  0.272690E+000  0.353124E+000  0.100000E+001  0.262584E-002
  0.276648E+000  0.358312E+000  0.100000E+001  0.258819E-002
  0.280606E+000  0.363501E+000  0.100000E+001  0.255159E-002
  0.284564E+000  0.368690E+000  0.100000E+001  0.251601E-002
  0.288522E+000  0.373878E+000  0.100000E+001  0.248141E-002
  0.292480E+000  0.379067E+000  0.100000E+001  0.244775E-002
  0.296438E+000  0.384255E+000  0.100000E+001  0.241498E-002
  0.300396E+000  0.389443E+000  0.100000E+001  0.238308E-002
  0.304354E+000  0.394632E+000  0.100000E+001  0.235201E-002
  0.308312E+000  0.399820E+000  0.100000E+001  0.232174E-002
  0.312270E+000  0.405009E+000  0.100000E+001  0.229224E-002
  0.316228E+000  0.410197E+000  0.100000E+001  0.226347E-002
  0.320186E+000  0.415385E+000  0.100000E+001  0.223542E-002
  0.324144E+000  0.420573E+000  0.100000E+001  0.220805E-002
  0.328102E+000  0.425762E+000  0.100000E+001  0.218134E-002
  0.332060E+000  0.430950E+000  0.100000E+001  0.215527E-002
  0.336018E+000  0.436138E+000  0.100000E+001  0.212981E-002
  0.339976E+000  0.441326E+000  0.100000E+001  0.210494E-002
  0.343934E+000  0.446514E+000  0.100000E+001  0.208065E-002
  0.347892E+000  0.451702E+000  0.100000E+001  0.205691E-002
  0.351850E+000  0.456890E+000  0.100000E+001  0.203370E-002
  0.355808E+000  0.462078E+000  0.100000E+001  0.201102E-002
  0.359766E+000  0.467266E+000  0.100000E+001  0.198882E-002
  0.363724E+000  0.472454E+000  0.100000E+001  0.196712E-002
  0.367682E+000  0.477642E+000  0.100000E+001  0.194588E-002
  0.371640E+000  0.482830E+000  0.100000E+001  0.192509E-002
  0.375598E+000  0.488018E+000  0.100000E+001  0.190474E-002
  0.379556E+000  0.493206E+000  0.100000E+001  0.188481E-002
  0.383514E+000  0.498394E+000  0.100000E+001  0.186530E-002
  0.387472E+000  0.503582E+000  0.100000E+001  0.184618E-002
  0.391430E+000  0.508770E+000  0.100000E+001  0.182745E-002
  0.395388E+000  0.513958E+000  0.100000E+001  0.180909E-002
  0.399346E+000  0.519145E+000  0.100000E+001  0.179110E-002
  0.403304E+000  0.524333E+000  0.100000E+001  0.177346E-002
  0.407262E+000  0.529521E+000  0.100000E+001  0.175617E-002
  0.411220E+000  0.534709E+000  0.100000E+001  0.173920E-002
  0.415178E+000  0.539897E+000  0.100000E+001  0.172256E-002
  0.419136E+000  0.545084E+000  0.100000E+001  0.170623E-002
  0.423094E+000  0.550272E+000  0.100000E+001  0.169021E-002
  0.427052E+000  0.555460E+000  0.100000E+001  0.167449E-002
  0.431010E+000  0.560648E+000  0.100000E+001  0.165905E-002
  0.434968E+000  0.565835E+000  0.100000E+001  0.164390E-002
  0.438926E+000  0.571023E+000  0.100000E+001  0.162901E-002
  0.442884E+000  0.576211E+000  0.100000E+001  0.161440E-002
  0.446842E+000  0.581398E+000  0.100000E+001  0.160004E-002
  0.450800E+000  0.586586E+000  0.100000E+001  0.158593E-002
  0.452252E+000  0.588489E+000  0.200000E+001  0.158082E-002
  0.453704E+000  0.590392E+000  0.200000E+001  0.157574E-002
  0.455156E+000  0.592295E+000  0.200000E+001  0.157069E-002
  0.456608E+000  0.594199E+000  0.200000E+001  0.156567E-002
  0.458060E+000  0.596102E+000  0.200000E+001  0.156069E-002
  0.459512E+000  0.598005E+000  0.200000E+001  0.155574E-002
  0.460964E+000  0.599908E+000  0.200000E+001  0.155081E-002
  0.462416E+000  0.601811E+000  0.200000E+001  0.154592E-002
  0.463868E+000  0.603714E+000  0.200000E+001  0.154106E-002
  0.465320E+000  0.605617E+000  0.200000E+001  0.153623E-002
  0.466772E+000  0.607520E+000  0.200000E+001  0.153143E-002
  0.468224E+000  0.609423E+000  0.200000E+001  0.152666E-002
  0.469676E+000  0.611326E+000  0.200000E+001  0.152192E-002
  0.471128E+000  0.613230E+000  0.200000E+001  0.151721E-002
  0.472580E+000  0.615133E+000  0.200000E+001  0.151253E-002
  0.474032E+000  0.617036E+000  0.200000E+001  0.150787E-002
  0.475484E+000  0.618939E+000  0.200000E+001  0.150324E-002
  0.476936E+000  0.620842E+000  0.200000E+001  0.149865E-002
  0.478388E+000  0.622745E+000  0.200000E+001  0.149408E-002
  0.479840E+000  0.624648E+000  0.200000E+001  0.148953E-002
  0.481292E+000  0.626551E+000  0.200000E+001  0.148502E-002
  0.482744E+000  0.628454E+000  0.200000E+001  0.148053E-002
  0.484196E+000  0.630357E+000  0.200000E+001  0.147607E-002
  0.485648E+000  0.632260E+000  0.200000E+001  0.147164E-002
  0.487100E+000  0.634164E+000  0.200000E+001  0.146723E-002
  0.488552E+000  0.636067E+000  0.200000E+001  0.146285E-002
  0.490004E+000  0.637970E+000  0.200000E+001  0.145849E-002
  0.491456E+000  0.639873E+000  0.200000E+001  0.145416E-002
  0.492908E+000  0.641776E+000  0.200000E+001  0.144985E-002
  0.494360E+000  0.643679E+000  0.200000E+001  0.144557E-002
  0.495812E+000  0.645582E+000  0.200000E+001  0.144132E-002
  0.497264E+000  0.647485E+000  0.200000E+001  0.143709E-002
  0.498716E+000  0.649388E+000  0.200000E+001  0.143288E-002
  0.500168E+000  0.651291E+000  0.200000E+001  0.142870E-002
  0.501620E+000  0.653194E+000  0.200000E+001  0.142455E-002
  0.503072E+000  0.655097E+000  0.200000E+001  0.142041E-002
  0.504524E+000  0.657000E+000  0.200000E+001  0.141630E-002
  0.505976E+000  0.658903E+000  0.200000E+001  0.141222E-002
  0.507428E+000  0.660807E+000  0.200000E+001  0.140816E-002
  0.508880E+000  0.662710E+000  0.200000E+001  0.140412E-002
  0.510332E+000  0.664613E+000  0.200000E+001  0.140010E-002
  0.511784E+000  0.666516E+000  0.200000E+001  0.139611E-002
  0.513236E+000  0.668419E+000  0.200000E+001  0.139214E-002
  0.514688E+000  0.670322E+000  0.200000E+001  0.138819E-002
  0.516140E+000  0.672225E+000  0.200000E+001  0.138426E-002
  0.517592E+000  0.674128E+000  0.200000E+001  0.138036E-002
  0.519044E+000  0.676031E+000  0.200000E+001  0.137647E-002
  0.520496E+000  0.677934E+000  0.200000E+001  0.137261E-002
  0.521948E+000  0.679837E+000  0.200000E+001  0.136877E-002
  0.523400E+000  0.681740E+000  0.200000E+001  0.136495E-002
  0.524852E+000  0.683643E+000  0.200000E+001  0.136116E-002
  0.526304E+000  0.685546E+000  0.200000E+001  0.135738E-002
  0.527756E+000  0.687449E+000  0.200000E+001  0.135362E-002
  0.529208E+000  0.689352E+000  0.200000E+001  0.134989E-002
  0.530660E+000  0.691255E+000  0.200000E+001  0.134617E-002
  0.532112E+000  0.693159E+000  0.200000E+001  0.134248E-002
  0.533564E+000  0.695062E+000  0.200000E+001  0.133880E-002
  0.535016E+000  0.696965E+000  0.200000E+001  0.133515E-002
  0.536468E+000  0.698868E+000  0.200000E+001  0.133151E-002
  0.537920E+000  0.700771E+000  0.200000E+001  0.132789E-002
  0.539372E+000  0.702674E+000  0.200000E+001  0.132430E-002
  0.540824E+000  0.704577E+000  0.200000E+001  0.132072E-002
  0.542276E+000  0.706480E+000  0.200000E+001  0.131716E-002
  0.543728E+000  0.708383E+000  0.200000E+001  0.131362E-002
  0.545180E+000  0.710286E+000  0.200000E+001  0.131010E-002
  0.546632E+000  0.712189E+000  0.200000E+001  0.130660E-002
  0.548084E+000  0.714092E+000  0.200000E+001  0.130312E-002
  0.549536E+000  0.715995E+000  0.200000E+001  0.129965E-002
  0.550988E+000  0.717898E+000  0.200000E+001  0.129620E-002
  0.552440E+000  0.719801E+000  0.200000E+001  0.129277E-002
  0.553892E+000  0.721704E+000  0.200000E+001  0.128936E-002
  0.555344E+000  0.723607E+000  0.200000E+001  0.128597E-002
  0.556796E+000  0.725510E+000  0.200000E+001  0.128259E-002
  0.558248E+000  0.727413E+000  0.200000E+001  0.127923E-002
  0.559700E+000  0.729316E+000  0.200000E+001  0.127589E-002
  0.561152E+000  0.731219E+000  0.200000E+001  0.127257E-002
  0.562604E+000  0.733122E+000  0.200000E+001  0.126926E-002
  0.564056E+000  0.735025E+000  0.200000E+001  0.126597E-002
  0.565508E+000  0.736928E+000  0.200000E+001  0.126269E-002
  0.566960E+000  0.738831E+000  0.200000E+001  0.125944E-002
  0.568412E+000  0.740734E+000  0.200000E+001  0.125619E-002
  0.569864E+000  0.742638E+000  0.200000E+001  0.125297E-002
  0.571316E+000  0.744541E+000  0.200000E+001  0.124976E-002
  0.572768E+000  0.746444E+000  0.200000E+001  0.124656E-002
  0.574220E+000  0.748347E+000  0.200000E+001  0.124338E-002
  0.575672E+000  0.750250E+000  0.200000E+001  0.124022E-002
  0.577124E+000  0.752153E+000  0.200000E+001  0.123706E-002
  0.578576E+000  0.754056E+000  0.200000E+001  0.123393E-002
  0.580028E+000  0.755959E+000  0.200000E+001  0.123080E-002
  0.581480E+000  0.757862E+000  0.200000E+001  0.122768E-002
  0.582932E+000  0.759765E+000  0.200000E+001  0.122458E-002
  0.584384E+000  0.761668E+000  0.200000E+001  0.122148E-002
  0.585836E+000  0.763571E+000  0.200000E+001  0.121837E-002
  0.587288E+000  0.765474E+000  0.200000E+001  0.121526E-002
  0.588740E+000  0.767377E+000  0.200000E+001  0.121210E-002
  0.590192E+000  0.769280E+000  0.200000E+001  0.120884E-002
  0.591644E+000  0.771183E+000  0.200000E+001  0.120531E-002
  0.593096E+000  0.773086E+000  0.200000E+001  0.120074E-002
  0.594548E+000  0.774989E+000  0.200000E+001  0.118892E-002  
  0.596000E+000  0.776956E+000  0.100000E+001  0.715432E-002
  0.599059E+000  0.780901E+000  0.200000E+001  0.118908E-002
  0.602118E+000  0.784910E+000  0.200000E+001  0.118478E-002
  0.605177E+000  0.788920E+000  0.200000E+001  0.117908E-002
  0.608236E+000  0.792929E+000  0.200000E+001  0.117322E-002
  0.611295E+000  0.796938E+000  0.200000E+001  0.116736E-002
  0.614354E+000  0.800947E+000  0.200000E+001  0.116153E-002
  0.617413E+000  0.804956E+000  0.200000E+001  0.115574E-002
  0.620472E+000  0.808965E+000  0.200000E+001  0.115001E-002
  0.623531E+000  0.812975E+000  0.200000E+001  0.114432E-002
  0.626590E+000  0.816984E+000  0.200000E+001  0.113869E-002
  0.629649E+000  0.820993E+000  0.200000E+001  0.113311E-002
  0.632708E+000  0.825002E+000  0.200000E+001  0.112759E-002
  0.635767E+000  0.829011E+000  0.200000E+001  0.112212E-002
  0.638826E+000  0.833020E+000  0.200000E+001  0.111670E-002
  0.641885E+000  0.837030E+000  0.200000E+001  0.111133E-002
  0.644944E+000  0.841039E+000  0.200000E+001  0.110600E-002
  0.648003E+000  0.845048E+000  0.200000E+001  0.110073E-002
  0.651062E+000  0.849057E+000  0.200000E+001  0.109551E-002
  0.654121E+000  0.853066E+000  0.200000E+001  0.109034E-002
  0.657180E+000  0.857075E+000  0.200000E+001  0.108521E-002
  0.660239E+000  0.861084E+000  0.200000E+001  0.108013E-002
  0.663298E+000  0.865094E+000  0.200000E+001  0.107510E-002
  0.666357E+000  0.869103E+000  0.200000E+001  0.107011E-002
  0.669416E+000  0.873112E+000  0.200000E+001  0.106517E-002
  0.672475E+000  0.877121E+000  0.200000E+001  0.106027E-002
  0.675534E+000  0.881130E+000  0.200000E+001  0.105542E-002
  0.678593E+000  0.885139E+000  0.200000E+001  0.105060E-002
  0.681652E+000  0.889148E+000  0.200000E+001  0.104584E-002
  0.684711E+000  0.893158E+000  0.200000E+001  0.104111E-002
  0.687770E+000  0.897167E+000  0.200000E+001  0.103642E-002
  0.690829E+000  0.901176E+000  0.200000E+001  0.103178E-002
  0.693888E+000  0.905185E+000  0.200000E+001  0.102718E-002
  0.696947E+000  0.909194E+000  0.200000E+001  0.102261E-002
  0.700006E+000  0.913203E+000  0.200000E+001  0.101809E-002
  0.703065E+000  0.917212E+000  0.200000E+001  0.101360E-002
  0.706124E+000  0.921221E+000  0.200000E+001  0.100915E-002
  0.709183E+000  0.925231E+000  0.200000E+001  0.100474E-002
  0.712242E+000  0.929240E+000  0.200000E+001  0.100037E-002
  0.715301E+000  0.933249E+000  0.200000E+001  0.996032E-003
  0.718360E+000  0.937258E+000  0.200000E+001  0.991732E-003
  0.721419E+000  0.941267E+000  0.200000E+001  0.987467E-003
  0.724478E+000  0.945276E+000  0.200000E+001  0.983238E-003
  0.727537E+000  0.949285E+000  0.200000E+001  0.979044E-003
  0.730596E+000  0.953294E+000  0.200000E+001  0.974884E-003
  0.733655E+000  0.957304E+000  0.200000E+001  0.970758E-003
  0.736714E+000  0.961313E+000  0.200000E+001  0.966666E-003
  0.739773E+000  0.965322E+000  0.200000E+001  0.962606E-003
  0.742832E+000  0.969331E+000  0.200000E+001  0.958580E-003
  0.745891E+000  0.973340E+000  0.200000E+001  0.954585E-003
  0.748950E+000  0.977349E+000  0.200000E+001  0.950623E-003
  0.752009E+000  0.981358E+000  0.200000E+001  0.946691E-003
  0.755068E+000  0.985367E+000  0.200000E+001  0.942791E-003
  0.758127E+000  0.989376E+000  0.200000E+001  0.938922E-003
  0.761186E+000  0.993385E+000  0.200000E+001  0.935083E-003
  0.764245E+000  0.997395E+000  0.200000E+001  0.931273E-003
  0.767304E+000  0.100140E+001  0.200000E+001  0.927493E-003
  0.770363E+000  0.100541E+001  0.200000E+001  0.923742E-003
  0.773422E+000  0.100942E+001  0.200000E+001  0.920020E-003
  0.776481E+000  0.101343E+001  0.200000E+001  0.916327E-003
  0.779540E+000  0.101744E+001  0.200000E+001  0.912661E-003
  0.782599E+000  0.102145E+001  0.200000E+001  0.909023E-003
  0.785658E+000  0.102546E+001  0.200000E+001  0.905412E-003
  0.788717E+000  0.102947E+001  0.200000E+001  0.901829E-003
  0.791776E+000  0.103348E+001  0.200000E+001  0.898272E-003
  0.794835E+000  0.103749E+001  0.200000E+001  0.894741E-003
  0.797894E+000  0.104149E+001  0.200000E+001  0.891237E-003
  0.800953E+000  0.104550E+001  0.200000E+001  0.887758E-003
  0.804012E+000  0.104951E+001  0.200000E+001  0.884304E-003
  0.807071E+000  0.105352E+001  0.200000E+001  0.880876E-003
  0.810130E+000  0.105753E+001  0.200000E+001  0.877472E-003
  0.813189E+000  0.106154E+001  0.200000E+001  0.874093E-003
  0.816248E+000  0.106555E+001  0.200000E+001  0.870737E-003
  0.819307E+000  0.106956E+001  0.200000E+001  0.867406E-003
  0.822366E+000  0.107357E+001  0.200000E+001  0.864098E-003
  0.825425E+000  0.107758E+001  0.200000E+001  0.860814E-003
  0.828484E+000  0.108159E+001  0.200000E+001  0.857552E-003
  0.831543E+000  0.108559E+001  0.200000E+001  0.854313E-003
  0.834602E+000  0.108960E+001  0.200000E+001  0.851097E-003
  0.837661E+000  0.109361E+001  0.200000E+001  0.847902E-003
  0.840720E+000  0.109762E+001  0.200000E+001  0.844729E-003
  0.843779E+000  0.110163E+001  0.200000E+001  0.841578E-003
  0.846838E+000  0.110564E+001  0.200000E+001  0.838449E-003
  0.849897E+000  0.110965E+001  0.200000E+001  0.835340E-003
  0.852956E+000  0.111366E+001  0.200000E+001  0.832252E-003
  0.856015E+000  0.111767E+001  0.200000E+001  0.829184E-003
  0.859074E+000  0.112168E+001  0.200000E+001  0.826137E-003
  0.862133E+000  0.112569E+001  0.200000E+001  0.823110E-003
  0.865192E+000  0.112969E+001  0.200000E+001  0.820102E-003
  0.868251E+000  0.113370E+001  0.200000E+001  0.817114E-003
  0.871310E+000  0.113771E+001  0.200000E+001  0.814145E-003
  0.874369E+000  0.114172E+001  0.200000E+001  0.811195E-003
  0.877428E+000  0.114573E+001  0.200000E+001  0.808263E-003
  0.880487E+000  0.114974E+001  0.200000E+001  0.805350E-003
  0.883546E+000  0.115375E+001  0.200000E+001  0.802456E-003
  0.886605E+000  0.115776E+001  0.200000E+001  0.799579E-003
  0.889664E+000  0.116177E+001  0.200000E+001  0.796720E-003
  0.892723E+000  0.116578E+001  0.200000E+001  0.793878E-003
  0.895782E+000  0.116979E+001  0.200000E+001  0.791054E-003
  0.898841E+000  0.117379E+001  0.200000E+001  0.788246E-003
  0.901900E+000  0.109025E-001  0.400000E+001  0.976710E-003
  0.901900E+000  0.293547E-001  0.400000E+001  0.163065E+000
  0.906408E+000  0.118371E+001  0.300000E+001  0.781373E-003
  0.910916E+000  0.118962E+001  0.300000E+001  0.777325E-003
  0.915424E+000  0.119553E+001  0.300000E+001  0.773312E-003
  0.919932E+000  0.120144E+001  0.300000E+001  0.769332E-003
  0.924440E+000  0.120734E+001  0.300000E+001  0.765385E-003
  0.928948E+000  0.121325E+001  0.300000E+001  0.761469E-003
  0.933456E+000  0.121916E+001  0.300000E+001  0.757585E-003
  0.937964E+000  0.122507E+001  0.300000E+001  0.753731E-003
  0.942472E+000  0.123098E+001  0.300000E+001  0.749907E-003
  0.946980E+000  0.123688E+001  0.300000E+001  0.746111E-003
  0.951488E+000  0.124279E+001  0.300000E+001  0.742344E-003
  0.955996E+000  0.124870E+001  0.300000E+001  0.738603E-003
  0.960504E+000  0.125461E+001  0.300000E+001  0.734888E-003
  0.965012E+000  0.126052E+001  0.300000E+001  0.731199E-003
  0.969520E+000  0.126643E+001  0.300000E+001  0.727534E-003
  0.974028E+000  0.127233E+001  0.300000E+001  0.723892E-003
  0.978536E+000  0.127824E+001  0.300000E+001  0.720273E-003
  0.983044E+000  0.128415E+001  0.300000E+001  0.716675E-003
  0.987552E+000  0.129006E+001  0.300000E+001  0.713098E-003
  0.992060E+000  0.129597E+001  0.300000E+001  0.709540E-003
  0.996568E+000  0.130187E+001  0.300000E+001  0.705999E-003
  0.100108E+001  0.130778E+001  0.300000E+001  0.702476E-003
  0.100558E+001  0.131369E+001  0.300000E+001  0.698969E-003
  0.101009E+001  0.131960E+001  0.300000E+001  0.695475E-003
  0.101460E+001  0.132551E+001  0.300000E+001  0.691994E-003
  0.101911E+001  0.133142E+001  0.300000E+001  0.688525E-003
  0.102362E+001  0.133732E+001  0.300000E+001  0.685065E-003
  0.102812E+001  0.134323E+001  0.300000E+001  0.681613E-003
  0.103263E+001  0.134914E+001  0.300000E+001  0.678166E-003
  0.103714E+001  0.135505E+001  0.300000E+001  0.674723E-003
  0.104165E+001  0.136096E+001  0.300000E+001  0.671281E-003
  0.104616E+001  0.136687E+001  0.300000E+001  0.667838E-003
  0.105066E+001  0.137277E+001  0.300000E+001  0.664390E-003
  0.105517E+001  0.137868E+001  0.300000E+001  0.660935E-003
  0.105968E+001  0.138459E+001  0.300000E+001  0.657469E-003
  0.106419E+001  0.139050E+001  0.300000E+001  0.653988E-003
  0.106870E+001  0.139641E+001  0.300000E+001  0.650487E-003
  0.107320E+001  0.140232E+001  0.300000E+001  0.646962E-003
  0.107771E+001  0.140822E+001  0.300000E+001  0.643406E-003
  0.108222E+001  0.141413E+001  0.300000E+001  0.639812E-003
  0.108673E+001  0.142004E+001  0.300000E+001  0.636174E-003
  0.109124E+001  0.142595E+001  0.300000E+001  0.632480E-003
  0.109574E+001  0.143186E+001  0.300000E+001  0.628722E-003
  0.110025E+001  0.143777E+001  0.300000E+001  0.624886E-003
  0.110476E+001  0.144368E+001  0.300000E+001  0.620957E-003
  0.110927E+001  0.144958E+001  0.300000E+001  0.616916E-003
  0.111378E+001  0.145549E+001  0.300000E+001  0.612742E-003
  0.111828E+001  0.146140E+001  0.300000E+001  0.608406E-003
  0.112279E+001  0.146731E+001  0.300000E+001  0.603875E-003
  0.112730E+001  0.147322E+001  0.300000E+001  0.599105E-003
  0.113181E+001  0.147913E+001  0.300000E+001  0.594041E-003
  0.113632E+001  0.148504E+001  0.300000E+001  0.588611E-003
  0.114082E+001  0.149095E+001  0.300000E+001  0.582718E-003
  0.114533E+001  0.149686E+001  0.300000E+001  0.576231E-003
  0.114984E+001  0.150277E+001  0.300000E+001  0.568969E-003
  0.115435E+001  0.150868E+001  0.300000E+001  0.560670E-003
  0.115886E+001  0.151460E+001  0.300000E+001  0.550942E-003
  0.116336E+001  0.152051E+001  0.300000E+001  0.539176E-003
  0.116787E+001  0.152642E+001  0.300000E+001  0.524364E-003
  0.117238E+001  0.153234E+001  0.300000E+001  0.504721E-003
  0.117689E+001  0.153827E+001  0.300000E+001  0.476752E-003
  0.118140E+001  0.154420E+001  0.300000E+001  0.432629E-003
  0.118590E+001  0.155017E+001  0.300000E+001  0.350920E-003
  0.119041E+001  0.155625E+001  0.300000E+001  0.156316E-003
  0.119492E+001  0.156369E+001  0.300000E+001  0.617426E-003
  0.119943E+001  0.157536E+001  0.300000E+001  0.200703E-002
  0.120394E+001  0.158768E+001  0.300000E+001  0.222833E-002
  0.120844E+001  0.160000E+001  0.300000E+001  0.229158E-002
  0.121295E+001  0.161225E+001  0.300000E+001  0.231168E-002
  0.121746E+001  0.162444E+001  0.300000E+001  0.231443E-002
  0.122197E+001  0.163656E+001  0.300000E+001  0.230870E-002
  0.122648E+001  0.164861E+001  0.300000E+001  0.229831E-002
  0.123098E+001  0.166059E+001  0.300000E+001  0.228517E-002
  0.123549E+001  0.167250E+001  0.300000E+001  0.227033E-002
  0.124000E+001  0.168434E+001  0.300000E+001  0.225445E-002
  0.124451E+001  0.169611E+001  0.300000E+001  0.223790E-002
  0.124902E+001  0.170782E+001  0.300000E+001  0.222095E-002
  0.125352E+001  0.171946E+001  0.300000E+001  0.220378E-002
  0.125803E+001  0.173104E+001  0.300000E+001  0.218650E-002
  0.126254E+001  0.174256E+001  0.300000E+001  0.216921E-002
  0.126705E+001  0.175401E+001  0.300000E+001  0.215197E-002
  0.127156E+001  0.176541E+001  0.300000E+001  0.213483E-002
  0.127606E+001  0.177674E+001  0.300000E+001  0.211781E-002
  0.128057E+001  0.178802E+001  0.300000E+001  0.210095E-002
  0.128508E+001  0.179924E+001  0.300000E+001  0.208426E-002
  0.128959E+001  0.181041E+001  0.300000E+001  0.206775E-002
  0.129410E+001  0.182152E+001  0.300000E+001  0.205144E-002
  0.129860E+001  0.183258E+001  0.300000E+001  0.203533E-002
  0.130311E+001  0.184359E+001  0.300000E+001  0.201943E-002
  0.130762E+001  0.185454E+001  0.300000E+001  0.200373E-002
  0.131213E+001  0.186544E+001  0.300000E+001  0.198825E-002
  0.131664E+001  0.187629E+001  0.300000E+001  0.197297E-002
  0.132114E+001  0.188710E+001  0.300000E+001  0.195790E-002
  0.132565E+001  0.189785E+001  0.300000E+001  0.194304E-002
  0.133016E+001  0.190856E+001  0.300000E+001  0.192839E-002
  0.133467E+001  0.191922E+001  0.300000E+001  0.191394E-002
  0.133918E+001  0.192984E+001  0.300000E+001  0.189970E-002
  0.134368E+001  0.194041E+001  0.300000E+001  0.188565E-002
  0.134819E+001  0.195093E+001  0.300000E+001  0.187180E-002
  0.135270E+001  0.176859E+001  0.400000E+001  0.543931E-003
  0.135270E+001  0.196141E+001  0.400000E+001  0.185815E-002
  0.135530E+001  0.196745E+001  0.400000E+001  0.185035E-002
  0.135791E+001  0.197346E+001  0.400000E+001  0.184261E-002
  0.136051E+001  0.197947E+001  0.400000E+001  0.183494E-002
  0.136311E+001  0.198546E+001  0.400000E+001  0.182733E-002
  0.136571E+001  0.199143E+001  0.400000E+001  0.181978E-002
  0.136832E+001  0.199740E+001  0.400000E+001  0.181229E-002
  0.137092E+001  0.200334E+001  0.400000E+001  0.180486E-002
  0.137352E+001  0.200928E+001  0.400000E+001  0.179749E-002
  0.137613E+001  0.201520E+001  0.400000E+001  0.179018E-002
  0.137873E+001  0.202111E+001  0.400000E+001  0.178293E-002
  0.138133E+001  0.202701E+001  0.400000E+001  0.177573E-002
  0.138394E+001  0.203289E+001  0.400000E+001  0.176859E-002
  0.138654E+001  0.203876E+001  0.400000E+001  0.176151E-002
  0.138914E+001  0.204462E+001  0.400000E+001  0.175448E-002
  0.139174E+001  0.205046E+001  0.400000E+001  0.174751E-002
  0.139435E+001  0.205629E+001  0.400000E+001  0.174059E-002
  0.139695E+001  0.206211E+001  0.400000E+001  0.173373E-002
  0.139955E+001  0.206792E+001  0.400000E+001  0.172692E-002
  0.140216E+001  0.207371E+001  0.400000E+001  0.172016E-002
  0.140476E+001  0.207949E+001  0.400000E+001  0.171346E-002
  0.140736E+001  0.208526E+001  0.400000E+001  0.170680E-002
  0.140997E+001  0.209102E+001  0.400000E+001  0.170020E-002
  0.141257E+001  0.209677E+001  0.400000E+001  0.169365E-002
  0.141517E+001  0.210250E+001  0.400000E+001  0.168714E-002
  0.141777E+001  0.210822E+001  0.400000E+001  0.168069E-002
  0.142038E+001  0.211393E+001  0.400000E+001  0.167429E-002
  0.142298E+001  0.211963E+001  0.400000E+001  0.166793E-002
  0.142558E+001  0.212532E+001  0.400000E+001  0.166162E-002
  0.142819E+001  0.213100E+001  0.400000E+001  0.165536E-002
  0.143079E+001  0.213666E+001  0.400000E+001  0.164915E-002
  0.143339E+001  0.214232E+001  0.400000E+001  0.164298E-002
  0.143600E+001  0.214796E+001  0.400000E+001  0.163686E-002
  0.143860E+001  0.215359E+001  0.400000E+001  0.163078E-002
  0.144120E+001  0.215922E+001  0.400000E+001  0.162475E-002
  0.144380E+001  0.216483E+001  0.400000E+001  0.161876E-002
  0.144641E+001  0.217043E+001  0.400000E+001  0.161281E-002
  0.144901E+001  0.217601E+001  0.400000E+001  0.160691E-002
  0.145161E+001  0.218159E+001  0.400000E+001  0.160105E-002
  0.145422E+001  0.218716E+001  0.400000E+001  0.159524E-002
  0.145682E+001  0.219272E+001  0.400000E+001  0.158946E-002
  0.145942E+001  0.219827E+001  0.400000E+001  0.158373E-002
  0.146203E+001  0.220380E+001  0.400000E+001  0.157804E-002
  0.146463E+001  0.220933E+001  0.400000E+001  0.157239E-002
  0.146723E+001  0.221485E+001  0.400000E+001  0.156678E-002
  0.146983E+001  0.222035E+001  0.400000E+001  0.156121E-002
  0.147244E+001  0.222585E+001  0.400000E+001  0.155567E-002
  0.147504E+001  0.223134E+001  0.400000E+001  0.155018E-002
  0.147764E+001  0.223682E+001  0.400000E+001  0.154473E-002
  0.148025E+001  0.224228E+001  0.400000E+001  0.153931E-002
  0.148285E+001  0.224774E+001  0.400000E+001  0.153393E-002
  0.148545E+001  0.225319E+001  0.400000E+001  0.152859E-002
  0.148806E+001  0.225863E+001  0.400000E+001  0.152329E-002
  0.149066E+001  0.226406E+001  0.400000E+001  0.151802E-002
  0.149326E+001  0.226948E+001  0.400000E+001  0.151279E-002
  0.149586E+001  0.227489E+001  0.400000E+001  0.150759E-002
  0.149847E+001  0.228029E+001  0.400000E+001  0.150243E-002
  0.150107E+001  0.228568E+001  0.400000E+001  0.149731E-002
  0.150367E+001  0.229107E+001  0.400000E+001  0.149222E-002
  0.150628E+001  0.229644E+001  0.400000E+001  0.148716E-002
  0.150888E+001  0.230180E+001  0.400000E+001  0.148214E-002
  0.151148E+001  0.230716E+001  0.400000E+001  0.147715E-002
  0.151409E+001  0.231251E+001  0.400000E+001  0.147220E-002
  0.151669E+001  0.231785E+001  0.400000E+001  0.146728E-002
  0.151929E+001  0.232318E+001  0.400000E+001  0.146239E-002
  0.152189E+001  0.232850E+001  0.400000E+001  0.145753E-002
  0.152450E+001  0.233381E+001  0.400000E+001  0.145271E-002
  0.152710E+001  0.233911E+001  0.400000E+001  0.144791E-002
  0.152970E+001  0.234441E+001  0.400000E+001  0.144315E-002
  0.153231E+001  0.234969E+001  0.400000E+001  0.143842E-002
  0.153491E+001  0.235497E+001  0.400000E+001  0.143372E-002
  0.153751E+001  0.236024E+001  0.400000E+001  0.142905E-002
  0.154012E+001  0.236550E+001  0.400000E+001  0.142441E-002
  0.154272E+001  0.237076E+001  0.400000E+001  0.141980E-002
  0.154532E+001  0.237600E+001  0.400000E+001  0.141522E-002
  0.154792E+001  0.238124E+001  0.400000E+001  0.141067E-002
  0.155053E+001  0.238647E+001  0.400000E+001  0.140615E-002
  0.155313E+001  0.239169E+001  0.400000E+001  0.140166E-002
  0.155573E+001  0.239690E+001  0.400000E+001  0.139719E-002
  0.155834E+001  0.240211E+001  0.400000E+001  0.139276E-002
  0.156094E+001  0.240731E+001  0.400000E+001  0.138835E-002
  0.156354E+001  0.241250E+001  0.400000E+001  0.138397E-002
  0.156615E+001  0.241768E+001  0.400000E+001  0.137961E-002
  0.156875E+001  0.242285E+001  0.400000E+001  0.137529E-002
  0.157135E+001  0.242802E+001  0.400000E+001  0.137099E-002
  0.157395E+001  0.243318E+001  0.400000E+001  0.136671E-002
  0.157656E+001  0.243833E+001  0.400000E+001  0.136246E-002
  0.157916E+001  0.244347E+001  0.400000E+001  0.135824E-002
  0.158176E+001  0.244861E+001  0.400000E+001  0.135404E-002
  0.158437E+001  0.245374E+001  0.400000E+001  0.134987E-002
  0.158697E+001  0.245886E+001  0.400000E+001  0.134572E-002
  0.158957E+001  0.246397E+001  0.400000E+001  0.134159E-002
  0.159218E+001  0.246908E+001  0.400000E+001  0.133748E-002
  0.159478E+001  0.247418E+001  0.400000E+001  0.133339E-002
  0.159738E+001  0.247927E+001  0.400000E+001  0.132931E-002
  0.159998E+001  0.248435E+001  0.400000E+001  0.132523E-002
  0.160259E+001  0.248943E+001  0.400000E+001  0.132110E-002
  0.160519E+001  0.249450E+001  0.400000E+001  0.131683E-002
  0.160779E+001  0.249957E+001  0.400000E+001  0.131183E-002
  0.161040E+001  0.250462E+001  0.300000E+001  0.129707E-002
  0.161300E+001  0.250967E+001  0.300000E+001  0.128018E-002
  0.161660E+001  0.251665E+001  0.400000E+001  0.129901E-002
  0.161840E+001  0.252013E+001  0.400000E+001  0.129699E-002
  0.162020E+001  0.252361E+001  0.400000E+001  0.129460E-002
  0.162200E+001  0.252708E+001  0.400000E+001  0.129210E-002
  0.162380E+001  0.253055E+001  0.400000E+001  0.128955E-002
  0.162560E+001  0.253402E+001  0.400000E+001  0.128698E-002
  0.162740E+001  0.253749E+001  0.400000E+001  0.128441E-002
  0.162920E+001  0.254095E+001  0.400000E+001  0.128183E-002
  0.163100E+001  0.254441E+001  0.400000E+001  0.127926E-002
  0.163280E+001  0.254786E+001  0.400000E+001  0.127670E-002
  0.163460E+001  0.255132E+001  0.400000E+001  0.127414E-002
  0.163640E+001  0.255477E+001  0.400000E+001  0.127159E-002
  0.163820E+001  0.255821E+001  0.400000E+001  0.126905E-002
  0.164000E+001  0.256166E+001  0.400000E+001  0.126652E-002
  0.164180E+001  0.256510E+001  0.400000E+001  0.126400E-002
  0.164360E+001  0.256853E+001  0.400000E+001  0.126149E-002
  0.164540E+001  0.257197E+001  0.400000E+001  0.125899E-002
  0.164720E+001  0.257540E+001  0.400000E+001  0.125649E-002
  0.164900E+001  0.257883E+001  0.400000E+001  0.125401E-002
  0.165080E+001  0.258225E+001  0.400000E+001  0.125153E-002
  0.165260E+001  0.258567E+001  0.400000E+001  0.124907E-002
  0.165440E+001  0.258909E+001  0.400000E+001  0.124661E-002
  0.165620E+001  0.259251E+001  0.400000E+001  0.124417E-002
  0.165800E+001  0.259592E+001  0.400000E+001  0.124173E-002
  0.165980E+001  0.259933E+001  0.400000E+001  0.123930E-002
  0.166160E+001  0.260274E+001  0.400000E+001  0.123688E-002
  0.166340E+001  0.260614E+001  0.400000E+001  0.123447E-002
  0.166520E+001  0.260954E+001  0.400000E+001  0.123207E-002
  0.166700E+001  0.261294E+001  0.400000E+001  0.122968E-002
  0.166880E+001  0.261633E+001  0.400000E+001  0.122730E-002
  0.167060E+001  0.261973E+001  0.400000E+001  0.122493E-002
  0.167240E+001  0.262312E+001  0.400000E+001  0.122256E-002
  0.167420E+001  0.262650E+001  0.400000E+001  0.122021E-002
  0.167600E+001  0.262989E+001  0.400000E+001  0.121786E-002
  0.167780E+001  0.263327E+001  0.400000E+001  0.121553E-002
  0.167960E+001  0.263664E+001  0.400000E+001  0.121320E-002
  0.168140E+001  0.264002E+001  0.400000E+001  0.121088E-002
  0.168320E+001  0.264339E+001  0.400000E+001  0.120857E-002
  0.168500E+001  0.264676E+001  0.400000E+001  0.120627E-002
  0.168680E+001  0.265013E+001  0.400000E+001  0.120398E-002
  0.168860E+001  0.265349E+001  0.400000E+001  0.120169E-002
  0.169040E+001  0.265685E+001  0.400000E+001  0.119942E-002
  0.169220E+001  0.266021E+001  0.400000E+001  0.119715E-002
  0.169400E+001  0.266356E+001  0.400000E+001  0.119489E-002
  0.169580E+001  0.266692E+001  0.400000E+001  0.119264E-002
  0.169760E+001  0.267027E+001  0.400000E+001  0.119040E-002
  0.169940E+001  0.267361E+001  0.400000E+001  0.118817E-002
  0.170120E+001  0.267696E+001  0.400000E+001  0.118594E-002
  0.170300E+001  0.268030E+001  0.400000E+001  0.118372E-002
  0.170480E+001  0.268364E+001  0.400000E+001  0.118152E-002
  0.170660E+001  0.268697E+001  0.400000E+001  0.117931E-002
  0.170840E+001  0.269031E+001  0.400000E+001  0.117712E-002
  0.171020E+001  0.269364E+001  0.400000E+001  0.117494E-002
  0.171200E+001  0.269697E+001  0.400000E+001  0.117276E-002
  0.171380E+001  0.270029E+001  0.400000E+001  0.117059E-002
  0.171560E+001  0.270362E+001  0.400000E+001  0.116843E-002
  0.171740E+001  0.270694E+001  0.400000E+001  0.116628E-002
  0.171920E+001  0.271025E+001  0.400000E+001  0.116414E-002
  0.172100E+001  0.271357E+001  0.400000E+001  0.116200E-002
  0.172280E+001  0.271688E+001  0.400000E+001  0.115987E-002
  0.172460E+001  0.272019E+001  0.400000E+001  0.115775E-002
  0.172640E+001  0.272350E+001  0.400000E+001  0.115563E-002
  0.172820E+001  0.272680E+001  0.400000E+001  0.115353E-002
  0.173000E+001  0.273010E+001  0.400000E+001  0.115143E-002
  0.173180E+001  0.273340E+001  0.400000E+001  0.114934E-002
  0.173360E+001  0.273670E+001  0.400000E+001  0.114726E-002
  0.173540E+001  0.273999E+001  0.400000E+001  0.114518E-002
  0.173720E+001  0.274329E+001  0.400000E+001  0.114311E-002
  0.173900E+001  0.274658E+001  0.400000E+001  0.114105E-002
  0.174080E+001  0.274986E+001  0.400000E+001  0.113900E-002
  0.174260E+001  0.275315E+001  0.400000E+001  0.113695E-002
  0.174440E+001  0.275643E+001  0.400000E+001  0.113491E-002
  0.174620E+001  0.275971E+001  0.400000E+001  0.113288E-002
  0.174800E+001  0.276298E+001  0.400000E+001  0.113085E-002
  0.174980E+001  0.276626E+001  0.400000E+001  0.112884E-002
  0.175160E+001  0.276953E+001  0.400000E+001  0.112683E-002
  0.175340E+001  0.277280E+001  0.400000E+001  0.112482E-002
  0.175520E+001  0.277607E+001  0.400000E+001  0.112283E-002
  0.175700E+001  0.277933E+001  0.400000E+001  0.112084E-002
  0.175880E+001  0.278259E+001  0.400000E+001  0.111886E-002
  0.176060E+001  0.278585E+001  0.400000E+001  0.111688E-002
  0.176240E+001  0.278911E+001  0.400000E+001  0.111491E-002
  0.176420E+001  0.279237E+001  0.400000E+001  0.111295E-002
  0.176600E+001  0.279562E+001  0.400000E+001  0.111100E-002
  0.176780E+001  0.279887E+001  0.400000E+001  0.110905E-002
  0.176960E+001  0.280212E+001  0.400000E+001  0.110711E-002
  0.177140E+001  0.280536E+001  0.400000E+001  0.110517E-002
  0.177320E+001  0.280860E+001  0.400000E+001  0.110324E-002
  0.177500E+001  0.281184E+001  0.400000E+001  0.110132E-002
  0.177680E+001  0.281508E+001  0.400000E+001  0.109941E-002
  0.177860E+001  0.281832E+001  0.400000E+001  0.109750E-002
  0.178040E+001  0.282155E+001  0.400000E+001  0.109560E-002
  0.178220E+001  0.282478E+001  0.400000E+001  0.109371E-002
  0.178400E+001  0.282801E+001  0.400000E+001  0.109182E-002
  0.178580E+001  0.283124E+001  0.400000E+001  0.108993E-002
  0.178760E+001  0.283446E+001  0.400000E+001  0.108806E-002
  0.178940E+001  0.283769E+001  0.400000E+001  0.108619E-002
% seventh
 0.179417E+001  0.284621E+001  0.400000E+001  0.108127E-002
  0.179427E+001  0.284640E+001  0.400000E+001  0.108116E-002
  0.179438E+001  0.284658E+001  0.400000E+001  0.108105E-002
  0.179448E+001  0.284677E+001  0.400000E+001  0.108095E-002
  0.179470E+001  0.284715E+001  0.400000E+001  0.108073E-002
  0.179480E+001  0.284734E+001  0.400000E+001  0.108062E-002
  0.179491E+001  0.284753E+001  0.400000E+001  0.108051E-002
  0.179501E+001  0.284772E+001  0.400000E+001  0.108040E-002
  0.179512E+001  0.284791E+001  0.400000E+001  0.108029E-002
  0.179523E+001  0.284810E+001  0.400000E+001  0.108018E-002
  0.179533E+001  0.284829E+001  0.400000E+001  0.108008E-002
  0.179544E+001  0.284848E+001  0.400000E+001  0.107997E-002
  0.179554E+001  0.284867E+001  0.400000E+001  0.107986E-002
  0.179565E+001  0.284886E+001  0.400000E+001  0.107975E-002
  0.179576E+001  0.284904E+001  0.400000E+001  0.107964E-002
  0.179586E+001  0.284923E+001  0.400000E+001  0.107953E-002
  0.179597E+001  0.284942E+001  0.400000E+001  0.107942E-002
  0.179607E+001  0.284961E+001  0.400000E+001  0.107932E-002
  0.179618E+001  0.284980E+001  0.400000E+001  0.107921E-002
  0.179629E+001  0.284999E+001  0.400000E+001  0.107910E-002
  0.179639E+001  0.285018E+001  0.400000E+001  0.107899E-002
  0.179650E+001  0.285037E+001  0.400000E+001  0.107888E-002
  0.179660E+001  0.285056E+001  0.400000E+001  0.107877E-002
  0.179671E+001  0.285075E+001  0.400000E+001  0.107866E-002
  0.179682E+001  0.285094E+001  0.400000E+001  0.107856E-002
  0.179692E+001  0.285113E+001  0.400000E+001  0.107845E-002
  0.179703E+001  0.285131E+001  0.400000E+001  0.107834E-002
  0.179713E+001  0.285150E+001  0.400000E+001  0.107823E-002
  0.179724E+001  0.285169E+001  0.400000E+001  0.107812E-002
  0.179735E+001  0.285188E+001  0.400000E+001  0.107802E-002
  0.179745E+001  0.285207E+001  0.400000E+001  0.107791E-002
  0.179756E+001  0.285226E+001  0.400000E+001  0.107780E-002
  0.179766E+001  0.285245E+001  0.400000E+001  0.107769E-002
  0.179777E+001  0.285264E+001  0.400000E+001  0.107758E-002
  0.179788E+001  0.285283E+001  0.400000E+001  0.107747E-002
  0.179798E+001  0.285302E+001  0.400000E+001  0.107737E-002
  0.179809E+001  0.285321E+001  0.400000E+001  0.107726E-002
  0.179819E+001  0.285339E+001  0.400000E+001  0.107715E-002
  0.179830E+001  0.285358E+001  0.400000E+001  0.107704E-002
  0.179841E+001  0.285377E+001  0.400000E+001  0.107693E-002
  0.179851E+001  0.285396E+001  0.400000E+001  0.107683E-002
  0.179862E+001  0.285415E+001  0.400000E+001  0.107672E-002
  0.179872E+001  0.285434E+001  0.400000E+001  0.107661E-002
  0.179883E+001  0.285453E+001  0.400000E+001  0.107650E-002
  0.179894E+001  0.285472E+001  0.400000E+001  0.107639E-002
  0.179904E+001  0.285491E+001  0.400000E+001  0.107629E-002
  0.179915E+001  0.285510E+001  0.400000E+001  0.107618E-002
  0.179925E+001  0.285528E+001  0.400000E+001  0.107607E-002
  0.179936E+001  0.285547E+001  0.400000E+001  0.107596E-002
  0.179947E+001  0.285566E+001  0.400000E+001  0.107585E-002
  0.179957E+001  0.285585E+001  0.400000E+001  0.107575E-002
  0.179968E+001  0.285604E+001  0.400000E+001  0.107564E-002
  0.179978E+001  0.285623E+001  0.400000E+001  0.107553E-002
  0.179989E+001  0.285642E+001  0.400000E+001  0.107542E-002
  0.180000E+001  0.285661E+001  0.400000E+001  0.107532E-002
  0.180010E+001  0.285680E+001  0.400000E+001  0.107521E-002
  0.180021E+001  0.285698E+001  0.400000E+001  0.107510E-002
  0.180031E+001  0.285717E+001  0.400000E+001  0.107499E-002
  0.180042E+001  0.285736E+001  0.400000E+001  0.107488E-002
  0.180053E+001  0.285755E+001  0.400000E+001  0.107478E-002
  0.180063E+001  0.285774E+001  0.400000E+001  0.107467E-002
  0.180074E+001  0.285793E+001  0.400000E+001  0.107456E-002
  0.180084E+001  0.285812E+001  0.400000E+001  0.107445E-002
  0.180095E+001  0.285831E+001  0.400000E+001  0.107435E-002
  0.180106E+001  0.285850E+001  0.400000E+001  0.107424E-002
  0.180116E+001  0.285868E+001  0.400000E+001  0.107413E-002
  0.180127E+001  0.285887E+001  0.400000E+001  0.107402E-002
  0.180137E+001  0.285906E+001  0.400000E+001  0.107392E-002
  0.180148E+001  0.285925E+001  0.400000E+001  0.107381E-002
  0.180159E+001  0.285944E+001  0.400000E+001  0.107370E-002
  0.180169E+001  0.285963E+001  0.400000E+001  0.107359E-002
  0.180180E+001  0.285982E+001  0.400000E+001  0.107349E-002
  0.180190E+001  0.286001E+001  0.400000E+001  0.107338E-002
  0.180201E+001  0.286019E+001  0.400000E+001  0.107327E-002
  0.180212E+001  0.286038E+001  0.400000E+001  0.107317E-002
  0.180222E+001  0.286057E+001  0.400000E+001  0.107306E-002
  0.180233E+001  0.286076E+001  0.400000E+001  0.107295E-002
  0.180243E+001  0.286095E+001  0.400000E+001  0.107284E-002
  0.180254E+001  0.286114E+001  0.400000E+001  0.107274E-002
  0.180265E+001  0.286133E+001  0.400000E+001  0.107263E-002
  0.180275E+001  0.286152E+001  0.400000E+001  0.107252E-002
  0.180286E+001  0.286170E+001  0.400000E+001  0.107242E-002
  0.180296E+001  0.286189E+001  0.400000E+001  0.107231E-002
  0.180307E+001  0.286208E+001  0.400000E+001  0.107220E-002
  0.180318E+001  0.286227E+001  0.400000E+001  0.107209E-002
  0.180328E+001  0.286246E+001  0.400000E+001  0.107199E-002
  0.180339E+001  0.286265E+001  0.400000E+001  0.107188E-002
  0.180349E+001  0.276703E+001  0.500000E+001  0.801922E-003
  0.180360E+001  0.237520E+001  0.600000E+001  0.167799E-002
% eightth
0.180350E+001  0.286285E+001  0.500000E+001  0.107177E-002
  0.180801E+001  0.287087E+001  0.500000E+001  0.106723E-002
  0.181252E+001  0.287887E+001  0.500000E+001  0.106274E-002
  0.181703E+001  0.288686E+001  0.500000E+001  0.105828E-002
  0.182154E+001  0.289484E+001  0.500000E+001  0.105386E-002
  0.182605E+001  0.290281E+001  0.500000E+001  0.104947E-002
  0.183056E+001  0.291076E+001  0.500000E+001  0.104512E-002
  0.183507E+001  0.291870E+001  0.500000E+001  0.104081E-002
  0.183958E+001  0.292662E+001  0.500000E+001  0.103653E-002
  0.184409E+001  0.293453E+001  0.500000E+001  0.103229E-002
  0.184860E+001  0.294243E+001  0.500000E+001  0.102808E-002
  0.185311E+001  0.295032E+001  0.500000E+001  0.102390E-002
  0.185762E+001  0.295819E+001  0.500000E+001  0.101976E-002
  0.186213E+001  0.296605E+001  0.500000E+001  0.101565E-002
  0.186664E+001  0.297390E+001  0.500000E+001  0.101158E-002
  0.187115E+001  0.298174E+001  0.500000E+001  0.100753E-002
  0.187566E+001  0.298956E+001  0.500000E+001  0.100352E-002
  0.188017E+001  0.299737E+001  0.500000E+001  0.999539E-003
  0.188468E+001  0.300517E+001  0.500000E+001  0.995589E-003
  0.188919E+001  0.301296E+001  0.500000E+001  0.991671E-003
  0.189370E+001  0.302073E+001  0.500000E+001  0.987783E-003
  0.189821E+001  0.302850E+001  0.500000E+001  0.983925E-003
  0.190272E+001  0.303625E+001  0.500000E+001  0.980096E-003
  0.190723E+001  0.304399E+001  0.500000E+001  0.976297E-003
  0.191174E+001  0.305172E+001  0.500000E+001  0.972528E-003
  0.191625E+001  0.305943E+001  0.500000E+001  0.968787E-003
  0.192076E+001  0.306714E+001  0.500000E+001  0.965074E-003
  0.192527E+001  0.307483E+001  0.500000E+001  0.961389E-003
  0.192978E+001  0.308252E+001  0.500000E+001  0.957732E-003
  0.193429E+001  0.309019E+001  0.500000E+001  0.954103E-003
  0.193880E+001  0.309785E+001  0.500000E+001  0.950501E-003
  0.194331E+001  0.310550E+001  0.500000E+001  0.946925E-003
  0.194782E+001  0.311314E+001  0.500000E+001  0.943376E-003
  0.195233E+001  0.312077E+001  0.500000E+001  0.939854E-003
  0.195684E+001  0.312838E+001  0.500000E+001  0.936357E-003
  0.196135E+001  0.313599E+001  0.500000E+001  0.932886E-003
  0.196586E+001  0.314359E+001  0.500000E+001  0.929440E-003
  0.197037E+001  0.315117E+001  0.500000E+001  0.926020E-003
  0.197488E+001  0.315875E+001  0.500000E+001  0.922624E-003
  0.197939E+001  0.316631E+001  0.500000E+001  0.919253E-003
  0.198390E+001  0.317387E+001  0.500000E+001  0.915906E-003
  0.198841E+001  0.318141E+001  0.500000E+001  0.912583E-003
  0.199292E+001  0.318895E+001  0.500000E+001  0.909285E-003
  0.199743E+001  0.319647E+001  0.500000E+001  0.906009E-003
  0.200194E+001  0.320399E+001  0.500000E+001  0.902757E-003
  0.200645E+001  0.321149E+001  0.500000E+001  0.899528E-003
  0.201096E+001  0.321899E+001  0.500000E+001  0.896321E-003
  0.201547E+001  0.322647E+001  0.500000E+001  0.893138E-003
  0.201998E+001  0.323395E+001  0.500000E+001  0.889976E-003
  0.202449E+001  0.324142E+001  0.500000E+001  0.886837E-003
  0.202900E+001  0.324887E+001  0.500000E+001  0.883719E-003
  0.203351E+001  0.325632E+001  0.500000E+001  0.880623E-003
  0.203802E+001  0.326376E+001  0.500000E+001  0.877549E-003
  0.204253E+001  0.327119E+001  0.500000E+001  0.874495E-003
  0.204704E+001  0.327861E+001  0.500000E+001  0.871463E-003
  0.205155E+001  0.328602E+001  0.500000E+001  0.868451E-003
  0.205606E+001  0.329342E+001  0.500000E+001  0.865460E-003
  0.206057E+001  0.330081E+001  0.500000E+001  0.862489E-003
  0.206508E+001  0.330819E+001  0.500000E+001  0.859539E-003
  0.206959E+001  0.331557E+001  0.500000E+001  0.856608E-003
  0.207410E+001  0.332293E+001  0.500000E+001  0.853697E-003
  0.207861E+001  0.333029E+001  0.500000E+001  0.850805E-003
  0.208312E+001  0.333763E+001  0.500000E+001  0.847933E-003
  0.208763E+001  0.334497E+001  0.500000E+001  0.845080E-003
  0.209214E+001  0.335230E+001  0.500000E+001  0.842245E-003
  0.209665E+001  0.335963E+001  0.500000E+001  0.839430E-003
  0.210116E+001  0.336694E+001  0.500000E+001  0.836633E-003
  0.210567E+001  0.337424E+001  0.500000E+001  0.833854E-003
  0.211018E+001  0.338154E+001  0.500000E+001  0.831094E-003
  0.211469E+001  0.338883E+001  0.500000E+001  0.828351E-003
  0.211920E+001  0.339611E+001  0.500000E+001  0.825627E-003
  0.212371E+001  0.340338E+001  0.500000E+001  0.822920E-003
  0.212822E+001  0.341064E+001  0.500000E+001  0.820231E-003
  0.213273E+001  0.341790E+001  0.500000E+001  0.817559E-003
  0.213724E+001  0.342514E+001  0.500000E+001  0.814904E-003
  0.214175E+001  0.343238E+001  0.500000E+001  0.812266E-003
  0.214626E+001  0.343961E+001  0.500000E+001  0.809644E-003
  0.215077E+001  0.344684E+001  0.500000E+001  0.807040E-003
  0.215528E+001  0.345405E+001  0.500000E+001  0.804452E-003
  0.216430E+001  0.346846E+001  0.500000E+001  0.799325E-003
  0.216881E+001  0.347565E+001  0.500000E+001  0.796785E-003
  0.217332E+001  0.348283E+001  0.500000E+001  0.794262E-003
  0.217783E+001  0.349001E+001  0.500000E+001  0.791754E-003
  0.218234E+001  0.349718E+001  0.500000E+001  0.789262E-003
  0.218685E+001  0.350434E+001  0.500000E+001  0.786785E-003
  0.219136E+001  0.351149E+001  0.500000E+001  0.784323E-003
  0.219587E+001  0.351864E+001  0.500000E+001  0.781877E-003
  0.220038E+001  0.352578E+001  0.500000E+001  0.779445E-003
  0.220489E+001  0.353291E+001  0.500000E+001  0.777029E-003
  0.220940E+001  0.354004E+001  0.500000E+001  0.774627E-003
  0.221391E+001  0.354715E+001  0.500000E+001  0.772240E-003
  0.221842E+001  0.355427E+001  0.500000E+001  0.769867E-003
  0.222293E+001  0.356137E+001  0.500000E+001  0.767508E-003
  0.222744E+001  0.356846E+001  0.500000E+001  0.765164E-003
  0.223195E+001  0.357555E+001  0.500000E+001  0.762834E-003
  0.223646E+001  0.358264E+001  0.500000E+001  0.760518E-003
  0.224097E+001  0.358971E+001  0.500000E+001  0.758215E-003
  0.224548E+001  0.359678E+001  0.500000E+001  0.755926E-003
  0.224999E+001  0.360384E+001  0.500000E+001  0.753651E-003
  0.225450E+001  0.343493E+001  0.600000E+001  0.966054E-003
% nineth
 0.225870E+001  0.361745E+001  0.600000E+001  0.749297E-003
  0.226299E+001  0.362416E+001  0.600000E+001  0.747166E-003
  0.226729E+001  0.363086E+001  0.600000E+001  0.745048E-003
  0.227158E+001  0.363755E+001  0.600000E+001  0.742941E-003
  0.227588E+001  0.364424E+001  0.600000E+001  0.740846E-003
  0.228018E+001  0.365093E+001  0.600000E+001  0.738762E-003
  0.228447E+001  0.365760E+001  0.600000E+001  0.736690E-003
  0.228877E+001  0.366428E+001  0.600000E+001  0.734629E-003
  0.229306E+001  0.367094E+001  0.600000E+001  0.732580E-003
  0.229736E+001  0.367760E+001  0.600000E+001  0.730542E-003
  0.230166E+001  0.368425E+001  0.600000E+001  0.728514E-003
  0.230595E+001  0.369090E+001  0.600000E+001  0.726498E-003
  0.231025E+001  0.369754E+001  0.600000E+001  0.724493E-003
  0.231454E+001  0.370418E+001  0.600000E+001  0.722498E-003
  0.231884E+001  0.371081E+001  0.600000E+001  0.720515E-003
  0.232314E+001  0.371744E+001  0.600000E+001  0.718541E-003
  0.232743E+001  0.372406E+001  0.600000E+001  0.716579E-003
  0.233173E+001  0.373067E+001  0.600000E+001  0.714627E-003
  0.233602E+001  0.373728E+001  0.600000E+001  0.712685E-003
  0.234032E+001  0.374388E+001  0.600000E+001  0.710753E-003
  0.234462E+001  0.375048E+001  0.600000E+001  0.708832E-003
  0.234891E+001  0.375707E+001  0.600000E+001  0.706921E-003
  0.235321E+001  0.376366E+001  0.600000E+001  0.705020E-003
  0.235750E+001  0.377024E+001  0.600000E+001  0.703128E-003
  0.236180E+001  0.377682E+001  0.600000E+001  0.701247E-003
  0.236610E+001  0.378339E+001  0.600000E+001  0.699375E-003
  0.237039E+001  0.378995E+001  0.600000E+001  0.697513E-003
  0.237469E+001  0.379651E+001  0.600000E+001  0.695661E-003
  0.237898E+001  0.380307E+001  0.600000E+001  0.693818E-003
  0.238328E+001  0.380962E+001  0.600000E+001  0.691985E-003
  0.239187E+001  0.382270E+001  0.600000E+001  0.688346E-003
  0.239617E+001  0.382923E+001  0.600000E+001  0.686541E-003
  0.240046E+001  0.383576E+001  0.600000E+001  0.684744E-003
  0.240476E+001  0.384228E+001  0.600000E+001  0.682957E-003
  0.240906E+001  0.384880E+001  0.600000E+001  0.681179E-003
  0.241335E+001  0.385532E+001  0.600000E+001  0.679410E-003
  0.241765E+001  0.386183E+001  0.600000E+001  0.677649E-003
  0.242194E+001  0.386833E+001  0.600000E+001  0.675898E-003
  0.242624E+001  0.387483E+001  0.600000E+001  0.674155E-003
  0.243054E+001  0.388132E+001  0.600000E+001  0.672420E-003
  0.243483E+001  0.388781E+001  0.600000E+001  0.670695E-003
  0.243913E+001  0.389430E+001  0.600000E+001  0.668977E-003
  0.244342E+001  0.390077E+001  0.600000E+001  0.667269E-003
  0.244772E+001  0.390725E+001  0.600000E+001  0.665568E-003
  0.245202E+001  0.391372E+001  0.600000E+001  0.663876E-003
  0.245631E+001  0.392018E+001  0.600000E+001  0.662192E-003
  0.246061E+001  0.392664E+001  0.600000E+001  0.660516E-003
  0.246490E+001  0.393310E+001  0.600000E+001  0.658849E-003
  0.246920E+001  0.393955E+001  0.600000E+001  0.657189E-003
  0.247350E+001  0.394600E+001  0.600000E+001  0.655537E-003
  0.247779E+001  0.395244E+001  0.600000E+001  0.653893E-003
  0.248209E+001  0.395888E+001  0.600000E+001  0.652257E-003
  0.248638E+001  0.396531E+001  0.600000E+001  0.650629E-003
  0.249068E+001  0.397174E+001  0.600000E+001  0.649009E-003
  0.249498E+001  0.397816E+001  0.600000E+001  0.647396E-003
  0.249927E+001  0.398458E+001  0.600000E+001  0.645790E-003
  0.250357E+001  0.399099E+001  0.600000E+001  0.644193E-003
  0.250786E+001  0.399740E+001  0.600000E+001  0.642602E-003
  0.251216E+001  0.400381E+001  0.600000E+001  0.641019E-003
  0.251646E+001  0.401021E+001  0.600000E+001  0.639444E-003
  0.252075E+001  0.401660E+001  0.600000E+001  0.637875E-003
  0.252505E+001  0.402300E+001  0.600000E+001  0.636314E-003
  0.252934E+001  0.402938E+001  0.600000E+001  0.634760E-003
  0.253364E+001  0.403577E+001  0.600000E+001  0.633213E-003
  0.253794E+001  0.404215E+001  0.600000E+001  0.631673E-003
  0.254223E+001  0.404852E+001  0.600000E+001  0.630140E-003
  0.254653E+001  0.405489E+001  0.600000E+001  0.628614E-003
  0.255082E+001  0.406126E+001  0.600000E+001  0.627095E-003
  0.255512E+001  0.406762E+001  0.600000E+001  0.625582E-003
  0.255942E+001  0.407398E+001  0.600000E+001  0.624076E-003
  0.256371E+001  0.408033E+001  0.600000E+001  0.622577E-003
  0.256801E+001  0.408668E+001  0.600000E+001  0.621085E-003
  0.257230E+001  0.409303E+001  0.600000E+001  0.619599E-003
  0.257660E+001  0.409937E+001  0.600000E+001  0.618119E-003
  0.258090E+001  0.410571E+001  0.600000E+001  0.616646E-003
  0.258519E+001  0.411204E+001  0.600000E+001  0.615179E-003
  0.258949E+001  0.411837E+001  0.600000E+001  0.613719E-003
  0.259378E+001  0.412470E+001  0.600000E+001  0.612265E-003
  0.259808E+001  0.413102E+001  0.600000E+001  0.610816E-003
  0.260238E+001  0.413734E+001  0.600000E+001  0.609374E-003
  0.260667E+001  0.414365E+001  0.600000E+001  0.607938E-003
  0.261097E+001  0.414996E+001  0.600000E+001  0.606508E-003
  0.261526E+001  0.415626E+001  0.600000E+001  0.605083E-003
  0.261956E+001  0.416257E+001  0.600000E+001  0.603665E-003
  0.262386E+001  0.416886E+001  0.600000E+001  0.602251E-003
  0.262815E+001  0.417516E+001  0.600000E+001  0.600843E-003
  0.263245E+001  0.418145E+001  0.600000E+001  0.599440E-003
  0.263674E+001  0.418773E+001  0.600000E+001  0.598042E-003
  0.264104E+001  0.419402E+001  0.600000E+001  0.596647E-003
  0.264534E+001  0.420029E+001  0.600000E+001  0.595256E-003
  0.264963E+001  0.420657E+001  0.600000E+001  0.593868E-003
  0.265393E+001  0.421284E+001  0.600000E+001  0.592479E-003
  0.265822E+001  0.421911E+001  0.600000E+001  0.591086E-003
  0.266252E+001  0.422537E+001  0.600000E+001  0.589679E-003
  0.266682E+001  0.423163E+001  0.600000E+001  0.588236E-003
  0.267111E+001  0.423789E+001  0.600000E+001  0.586690E-003
  0.267541E+001  0.424414E+001  0.600000E+001  0.584739E-003