  0.901900E+000  0.109025E-001  0.400000E+001  0.976710E-003
  0.906408E+000  0.191259E+000  0.300000E+001  0.250520E-001
  0.910916E+000  0.269063E+000  0.300000E+001  0.177565E-001
  0.915424E+000  0.329053E+000  0.300000E+001  0.144746E-001
  0.919932E+000  0.379762E+000  0.300000E+001  0.125025E-001
  0.924440E+000  0.424527E+000  0.300000E+001  0.111490E-001
  0.928948E+000  0.465066E+000  0.300000E+001  0.101451E-001
  0.933456E+000  0.502403E+000  0.300000E+001  0.936156E-002
  0.937964E+000  0.537206E+000  0.300000E+001  0.872762E-002
  0.942472E+000  0.569938E+000  0.300000E+001  0.820067E-002
  0.946980E+000  0.600937E+000  0.300000E+001  0.775343E-002
  0.951488E+000  0.630460E+000  0.300000E+001  0.736746E-002
  0.955996E+000  0.658704E+000  0.300000E+001  0.702981E-002
  0.960504E+000  0.685827E+000  0.300000E+001  0.673108E-002
  0.965012E+000  0.711958E+000  0.300000E+001  0.646425E-002
  0.969520E+000  0.737201E+000  0.300000E+001  0.622395E-002
  0.974028E+000  0.761645E+000  0.300000E+001  0.600602E-002
  0.978536E+000  0.785364E+000  0.300000E+001  0.580715E-002
  0.983044E+000  0.808423E+000  0.300000E+001  0.562468E-002
  0.987552E+000  0.830875E+000  0.300000E+001  0.545646E-002
  0.992060E+000  0.852769E+000  0.300000E+001  0.530070E-002
  0.996568E+000  0.874146E+000  0.300000E+001  0.515592E-002
  0.100108E+001  0.895044E+000  0.300000E+001  0.502088E-002
  0.100558E+001  0.915495E+000  0.300000E+001  0.489453E-002
  0.101009E+001  0.935528E+000  0.300000E+001  0.477596E-002
  0.101460E+001  0.955171E+000  0.300000E+001  0.466440E-002
  0.101911E+001  0.974445E+000  0.300000E+001  0.455919E-002
  0.102362E+001  0.993373E+000  0.300000E+001  0.445974E-002
  0.102812E+001  0.101197E+001  0.300000E+001  0.436555E-002
  0.103263E+001  0.103027E+001  0.300000E+001  0.427616E-002
  0.103714E+001  0.104826E+001  0.300000E+001  0.419120E-002
  0.104165E+001  0.106598E+001  0.300000E+001  0.411030E-002
  0.104616E+001  0.108344E+001  0.300000E+001  0.403316E-002
  0.105066E+001  0.110064E+001  0.300000E+001  0.395951E-002
  0.105517E+001  0.111760E+001  0.300000E+001  0.388908E-002
  0.105968E+001  0.113433E+001  0.300000E+001  0.382166E-002
  0.106419E+001  0.115085E+001  0.300000E+001  0.375706E-002
  0.106870E+001  0.116715E+001  0.300000E+001  0.369509E-002
  0.107320E+001  0.118325E+001  0.300000E+001  0.363558E-002
  0.107771E+001  0.119915E+001  0.300000E+001  0.357840E-002
  0.108222E+001  0.121487E+001  0.300000E+001  0.352340E-002
  0.108673E+001  0.123041E+001  0.300000E+001  0.347047E-002
  0.109124E+001  0.124578E+001  0.300000E+001  0.341950E-002
  0.109574E+001  0.126098E+001  0.300000E+001  0.337039E-002
  0.110025E+001  0.127602E+001  0.300000E+001  0.332306E-002
  0.110476E+001  0.129090E+001  0.300000E+001  0.327742E-002
  0.110927E+001  0.130564E+001  0.300000E+001  0.323342E-002
  0.111378E+001  0.132023E+001  0.300000E+001  0.319100E-002
  0.111828E+001  0.133468E+001  0.300000E+001  0.315011E-002
  0.112279E+001  0.134899E+001  0.300000E+001  0.311072E-002
  0.112730E+001  0.136318E+001  0.300000E+001  0.307280E-002
  0.113181E+001  0.137723E+001  0.300000E+001  0.303637E-002
  0.113632E+001  0.139117E+001  0.300000E+001  0.300142E-002
  0.114082E+001  0.140498E+001  0.300000E+001  0.296801E-002
  0.114533E+001  0.141868E+001  0.300000E+001  0.293622E-002
  0.114984E+001  0.143226E+001  0.300000E+001  0.290619E-002
  0.115435E+001  0.144573E+001  0.300000E+001  0.287814E-002
  0.115886E+001  0.145910E+001  0.300000E+001  0.285241E-002
  0.116336E+001  0.147235E+001  0.300000E+001  0.282959E-002
  0.116787E+001  0.148551E+001  0.300000E+001  0.281063E-002
  0.117238E+001  0.149857E+001  0.300000E+001  0.279730E-002
  0.117689E+001  0.151152E+001  0.300000E+001  0.279305E-002
  0.118140E+001  0.152437E+001  0.300000E+001  0.280567E-002
  0.118590E+001  0.153710E+001  0.300000E+001  0.285651E-002
  0.119041E+001  0.154962E+001  0.300000E+001  0.302050E-002
  0.119492E+001  0.156070E+001  0.300000E+001  0.252715E-002
  0.119943E+001  0.156746E+001  0.300000E+001  0.111178E-002
  0.120394E+001  0.157349E+001  0.300000E+001  0.862647E-003
  0.120844E+001  0.157944E+001  0.300000E+001  0.771873E-003
  0.121295E+001  0.158538E+001  0.300000E+001  0.724772E-003
  0.121746E+001  0.159130E+001  0.300000E+001  0.695543E-003
  0.122197E+001  0.159722E+001  0.300000E+001  0.675325E-003
  0.122648E+001  0.160313E+001  0.300000E+001  0.660278E-003
  0.123098E+001  0.160904E+001  0.300000E+001  0.648471E-003
  0.123549E+001  0.161496E+001  0.300000E+001  0.638831E-003
  0.124000E+001  0.162087E+001  0.300000E+001  0.630712E-003
  0.124451E+001  0.162678E+001  0.300000E+001  0.623701E-003
  0.124902E+001  0.163269E+001  0.300000E+001  0.617527E-003
  0.125352E+001  0.163860E+001  0.300000E+001  0.611999E-003
  0.125803E+001  0.164451E+001  0.300000E+001  0.606980E-003
  0.126254E+001  0.165042E+001  0.300000E+001  0.602373E-003
  0.126705E+001  0.165633E+001  0.300000E+001  0.598102E-003
  0.127156E+001  0.166224E+001  0.300000E+001  0.594110E-003
  0.127606E+001  0.166815E+001  0.300000E+001  0.590353E-003
  0.128057E+001  0.167405E+001  0.300000E+001  0.586796E-003
  0.128508E+001  0.167996E+001  0.300000E+001  0.583410E-003
  0.128959E+001  0.168587E+001  0.300000E+001  0.580174E-003
  0.129410E+001  0.169178E+001  0.300000E+001  0.577068E-003
  0.129860E+001  0.169769E+001  0.300000E+001  0.574077E-003
  0.130311E+001  0.170360E+001  0.300000E+001  0.571188E-003
  0.130762E+001  0.170951E+001  0.300000E+001  0.568390E-003
  0.131213E+001  0.171542E+001  0.300000E+001  0.565675E-003
  0.131664E+001  0.172132E+001  0.300000E+001  0.563034E-003
  0.132114E+001  0.172723E+001  0.300000E+001  0.560460E-003
  0.132565E+001  0.173314E+001  0.300000E+001  0.557948E-003
  0.133016E+001  0.173905E+001  0.300000E+001  0.555493E-003
  0.133467E+001  0.174496E+001  0.300000E+001  0.553090E-003
  0.133918E+001  0.175087E+001  0.300000E+001  0.550736E-003
  0.134368E+001  0.175677E+001  0.300000E+001  0.548426E-003
  0.134819E+001  0.176268E+001  0.300000E+001  0.546159E-003
  0.135270E+001  0.140725E-001  0.400000E+001  0.336184E+000
 0.135270E+001  0.176859E+001  0.400000E+001  0.543931E-003
  0.135530E+001  0.177200E+001  0.400000E+001  0.542661E-003
  0.135791E+001  0.177541E+001  0.400000E+001  0.541403E-003
  0.136051E+001  0.177882E+001  0.400000E+001  0.540157E-003
  0.136311E+001  0.178224E+001  0.400000E+001  0.538921E-003
  0.136571E+001  0.178565E+001  0.400000E+001  0.537697E-003
  0.136832E+001  0.178906E+001  0.400000E+001  0.536483E-003
  0.137092E+001  0.179247E+001  0.400000E+001  0.535279E-003
  0.137352E+001  0.179588E+001  0.400000E+001  0.534085E-003
  0.137613E+001  0.179929E+001  0.400000E+001  0.532900E-003
  0.137873E+001  0.180270E+001  0.400000E+001  0.531724E-003
  0.138133E+001  0.180612E+001  0.400000E+001  0.530558E-003
  0.138394E+001  0.180953E+001  0.400000E+001  0.529400E-003
  0.138654E+001  0.181294E+001  0.400000E+001  0.528251E-003
  0.138914E+001  0.181635E+001  0.400000E+001  0.527110E-003
  0.139174E+001  0.181976E+001  0.400000E+001  0.525977E-003
  0.139435E+001  0.182317E+001  0.400000E+001  0.524852E-003
  0.139695E+001  0.182659E+001  0.400000E+001  0.523735E-003
  0.139955E+001  0.183000E+001  0.400000E+001  0.522625E-003
  0.140216E+001  0.183341E+001  0.400000E+001  0.521522E-003
  0.140476E+001  0.183682E+001  0.400000E+001  0.520427E-003
  0.140736E+001  0.184023E+001  0.400000E+001  0.519339E-003
  0.140997E+001  0.184364E+001  0.400000E+001  0.518258E-003
  0.141257E+001  0.184705E+001  0.400000E+001  0.517183E-003
  0.141517E+001  0.185047E+001  0.400000E+001  0.516115E-003
  0.141777E+001  0.185388E+001  0.400000E+001  0.515054E-003
  0.142038E+001  0.185729E+001  0.400000E+001  0.513999E-003
  0.142298E+001  0.186070E+001  0.400000E+001  0.512950E-003
  0.142558E+001  0.186411E+001  0.400000E+001  0.511907E-003
  0.142819E+001  0.186752E+001  0.400000E+001  0.510871E-003
  0.143079E+001  0.187093E+001  0.400000E+001  0.509840E-003
  0.143339E+001  0.187435E+001  0.400000E+001  0.508815E-003
  0.143600E+001  0.187776E+001  0.400000E+001  0.507796E-003
  0.143860E+001  0.188117E+001  0.400000E+001  0.506782E-003
  0.144120E+001  0.188458E+001  0.400000E+001  0.505774E-003
  0.144380E+001  0.188799E+001  0.400000E+001  0.504771E-003
  0.144641E+001  0.189140E+001  0.400000E+001  0.503774E-003
  0.144901E+001  0.189481E+001  0.400000E+001  0.502782E-003
  0.145161E+001  0.189823E+001  0.400000E+001  0.501795E-003
  0.145422E+001  0.190164E+001  0.400000E+001  0.500813E-003
  0.145682E+001  0.190505E+001  0.400000E+001  0.499836E-003
  0.145942E+001  0.190846E+001  0.400000E+001  0.498864E-003
  0.146203E+001  0.191187E+001  0.400000E+001  0.497897E-003
  0.146463E+001  0.191528E+001  0.400000E+001  0.496935E-003
  0.146723E+001  0.191869E+001  0.400000E+001  0.495977E-003
  0.146983E+001  0.192211E+001  0.400000E+001  0.495024E-003
  0.147244E+001  0.192552E+001  0.400000E+001  0.494076E-003
  0.147504E+001  0.192893E+001  0.400000E+001  0.493133E-003
  0.147764E+001  0.193234E+001  0.400000E+001  0.492194E-003
  0.148025E+001  0.193575E+001  0.400000E+001  0.491259E-003
  0.148285E+001  0.193916E+001  0.400000E+001  0.490328E-003
  0.148545E+001  0.194257E+001  0.400000E+001  0.489403E-003
  0.148806E+001  0.194598E+001  0.400000E+001  0.488481E-003
  0.149066E+001  0.194940E+001  0.400000E+001  0.487563E-003
  0.149326E+001  0.195281E+001  0.400000E+001  0.486650E-003
  0.149586E+001  0.195622E+001  0.400000E+001  0.485741E-003
  0.149847E+001  0.195963E+001  0.400000E+001  0.484836E-003
  0.150107E+001  0.196304E+001  0.400000E+001  0.483935E-003
  0.150367E+001  0.196645E+001  0.400000E+001  0.483038E-003
  0.150628E+001  0.196986E+001  0.400000E+001  0.482145E-003
  0.150888E+001  0.197328E+001  0.400000E+001  0.481255E-003
  0.151148E+001  0.197669E+001  0.400000E+001  0.480370E-003
  0.151409E+001  0.198010E+001  0.400000E+001  0.479488E-003
  0.151669E+001  0.198351E+001  0.400000E+001  0.478611E-003
  0.151929E+001  0.198692E+001  0.400000E+001  0.477737E-003
  0.152189E+001  0.199033E+001  0.400000E+001  0.476866E-003
  0.152450E+001  0.199374E+001  0.400000E+001  0.476000E-003
  0.152710E+001  0.199716E+001  0.400000E+001  0.475137E-003
  0.152970E+001  0.200057E+001  0.400000E+001  0.474277E-003
  0.153231E+001  0.200398E+001  0.400000E+001  0.473421E-003
  0.153491E+001  0.200739E+001  0.400000E+001  0.472569E-003
  0.153751E+001  0.201080E+001  0.400000E+001  0.471720E-003
  0.154012E+001  0.201421E+001  0.400000E+001  0.470875E-003
  0.154272E+001  0.201762E+001  0.400000E+001  0.470033E-003
  0.154532E+001  0.202104E+001  0.400000E+001  0.469194E-003
  0.154792E+001  0.202445E+001  0.400000E+001  0.468359E-003
  0.155053E+001  0.202786E+001  0.400000E+001  0.467527E-003
  0.155313E+001  0.203127E+001  0.400000E+001  0.466699E-003
  0.155573E+001  0.203468E+001  0.400000E+001  0.465874E-003
  0.155834E+001  0.203809E+001  0.400000E+001  0.465051E-003
  0.156094E+001  0.204150E+001  0.400000E+001  0.464233E-003
  0.156354E+001  0.204492E+001  0.400000E+001  0.463417E-003
  0.156615E+001  0.204833E+001  0.400000E+001  0.462605E-003
  0.156875E+001  0.205174E+001  0.400000E+001  0.461795E-003
  0.157135E+001  0.205515E+001  0.400000E+001  0.460989E-003
  0.157395E+001  0.205856E+001  0.400000E+001  0.460186E-003
  0.157656E+001  0.206197E+001  0.400000E+001  0.459386E-003
  0.157916E+001  0.206538E+001  0.400000E+001  0.458589E-003
  0.158176E+001  0.206880E+001  0.400000E+001  0.457795E-003
  0.158437E+001  0.207221E+001  0.400000E+001  0.457004E-003
  0.158697E+001  0.207562E+001  0.400000E+001  0.456216E-003
  0.158957E+001  0.207903E+001  0.400000E+001  0.455431E-003
  0.159218E+001  0.208244E+001  0.400000E+001  0.454649E-003
  0.159478E+001  0.208585E+001  0.400000E+001  0.453869E-003
  0.159738E+001  0.208926E+001  0.400000E+001  0.453093E-003
  0.159998E+001  0.209267E+001  0.400000E+001  0.452319E-003
  0.160259E+001  0.209609E+001  0.400000E+001  0.451548E-003
  0.160519E+001  0.209950E+001  0.400000E+001  0.450781E-003
  0.160779E+001  0.210291E+001  0.400000E+001  0.450015E-003
  0.161040E+001  0.210632E+001  0.300000E+001  0.449253E-003
  0.161300E+001  0.210973E+001  0.300000E+001  0.448493E-003
 0.161300E+001  0.210973E+001  0.300000E+001  0.448493E-003
  0.161480E+001  0.211209E+001  0.300000E+001  0.447970E-003
  0.161660E+001  0.211445E+001  0.400000E+001  0.447447E-003
  0.161840E+001  0.211681E+001  0.400000E+001  0.446926E-003
  0.162020E+001  0.211917E+001  0.400000E+001  0.446406E-003
  0.162200E+001  0.212153E+001  0.400000E+001  0.445888E-003
  0.162380E+001  0.212389E+001  0.400000E+001  0.445370E-003
  0.162560E+001  0.212624E+001  0.400000E+001  0.444854E-003
  0.162740E+001  0.212860E+001  0.400000E+001  0.444340E-003
  0.162920E+001  0.213096E+001  0.400000E+001  0.443826E-003
  0.163100E+001  0.213332E+001  0.400000E+001  0.443314E-003
  0.163280E+001  0.213568E+001  0.400000E+001  0.442803E-003
  0.163460E+001  0.213804E+001  0.400000E+001  0.442293E-003
  0.163640E+001  0.214040E+001  0.400000E+001  0.441784E-003
  0.163820E+001  0.214276E+001  0.400000E+001  0.441277E-003
  0.164000E+001  0.214512E+001  0.400000E+001  0.440771E-003
  0.164180E+001  0.214748E+001  0.400000E+001  0.440266E-003
  0.164360E+001  0.214983E+001  0.400000E+001  0.439762E-003
  0.164540E+001  0.215219E+001  0.400000E+001  0.439260E-003
  0.164720E+001  0.215455E+001  0.400000E+001  0.438759E-003
  0.164900E+001  0.215691E+001  0.400000E+001  0.438258E-003
  0.165080E+001  0.215927E+001  0.400000E+001  0.437759E-003
  0.165260E+001  0.216163E+001  0.400000E+001  0.437262E-003
  0.165440E+001  0.216399E+001  0.400000E+001  0.436765E-003
  0.165620E+001  0.216635E+001  0.400000E+001  0.436270E-003
  0.165800E+001  0.216871E+001  0.400000E+001  0.435775E-003
  0.165980E+001  0.217107E+001  0.400000E+001  0.435282E-003
  0.166160E+001  0.217342E+001  0.400000E+001  0.434790E-003
  0.166340E+001  0.217578E+001  0.400000E+001  0.434299E-003
  0.166520E+001  0.217814E+001  0.400000E+001  0.433810E-003
  0.166700E+001  0.218050E+001  0.400000E+001  0.433321E-003
  0.166880E+001  0.218286E+001  0.400000E+001  0.432834E-003
  0.167060E+001  0.218522E+001  0.400000E+001  0.432348E-003
  0.167240E+001  0.218758E+001  0.400000E+001  0.431862E-003
  0.167420E+001  0.218994E+001  0.400000E+001  0.431378E-003
  0.167600E+001  0.219230E+001  0.400000E+001  0.430895E-003
  0.167780E+001  0.219466E+001  0.400000E+001  0.430414E-003
  0.167960E+001  0.219701E+001  0.400000E+001  0.429933E-003
  0.168140E+001  0.219937E+001  0.400000E+001  0.429453E-003
  0.168320E+001  0.220173E+001  0.400000E+001  0.428975E-003
  0.168500E+001  0.220409E+001  0.400000E+001  0.428497E-003
  0.168680E+001  0.220645E+001  0.400000E+001  0.428021E-003
  0.168860E+001  0.220881E+001  0.400000E+001  0.427545E-003
  0.169040E+001  0.221117E+001  0.400000E+001  0.427071E-003
  0.169220E+001  0.221353E+001  0.400000E+001  0.426598E-003
  0.169400E+001  0.221589E+001  0.400000E+001  0.426126E-003
  0.169580E+001  0.221825E+001  0.400000E+001  0.425655E-003
  0.169760E+001  0.222060E+001  0.400000E+001  0.425185E-003
  0.169940E+001  0.222296E+001  0.400000E+001  0.424716E-003
  0.170120E+001  0.222532E+001  0.400000E+001  0.424248E-003
  0.170300E+001  0.222768E+001  0.400000E+001  0.423781E-003
  0.170480E+001  0.223004E+001  0.400000E+001  0.423315E-003
  0.170660E+001  0.223240E+001  0.400000E+001  0.422850E-003
  0.170840E+001  0.223476E+001  0.400000E+001  0.422386E-003
  0.171020E+001  0.223712E+001  0.400000E+001  0.421923E-003
  0.171200E+001  0.223948E+001  0.400000E+001  0.421462E-003
  0.171380E+001  0.224184E+001  0.400000E+001  0.421001E-003
  0.171560E+001  0.224419E+001  0.400000E+001  0.420541E-003
  0.171740E+001  0.224655E+001  0.400000E+001  0.420082E-003
  0.171920E+001  0.224891E+001  0.400000E+001  0.419624E-003
  0.172100E+001  0.225127E+001  0.400000E+001  0.419168E-003
  0.172280E+001  0.225363E+001  0.400000E+001  0.418712E-003
  0.172460E+001  0.225599E+001  0.400000E+001  0.418257E-003
  0.172640E+001  0.225835E+001  0.400000E+001  0.417803E-003
  0.172820E+001  0.226071E+001  0.400000E+001  0.417350E-003
  0.173000E+001  0.226307E+001  0.400000E+001  0.416898E-003
  0.173180E+001  0.226543E+001  0.400000E+001  0.416447E-003
  0.173360E+001  0.226778E+001  0.400000E+001  0.415997E-003
  0.173540E+001  0.227014E+001  0.400000E+001  0.415548E-003
  0.173720E+001  0.227250E+001  0.400000E+001  0.415100E-003
  0.173900E+001  0.227486E+001  0.400000E+001  0.414653E-003
  0.174080E+001  0.227722E+001  0.400000E+001  0.414207E-003
  0.174260E+001  0.227958E+001  0.400000E+001  0.413762E-003
  0.174440E+001  0.228194E+001  0.400000E+001  0.413317E-003
  0.174620E+001  0.228430E+001  0.400000E+001  0.412874E-003
  0.174800E+001  0.228666E+001  0.400000E+001  0.412431E-003
  0.174980E+001  0.228902E+001  0.400000E+001  0.411990E-003
  0.175160E+001  0.229137E+001  0.400000E+001  0.411549E-003
  0.175340E+001  0.229373E+001  0.400000E+001  0.411109E-003
  0.175520E+001  0.229609E+001  0.400000E+001  0.410670E-003
  0.175700E+001  0.229845E+001  0.400000E+001  0.410231E-003
  0.175880E+001  0.230081E+001  0.400000E+001  0.409794E-003
  0.176060E+001  0.230317E+001  0.400000E+001  0.409358E-003
  0.176240E+001  0.230553E+001  0.400000E+001  0.408922E-003
  0.176420E+001  0.230789E+001  0.400000E+001  0.408487E-003
  0.176600E+001  0.231025E+001  0.400000E+001  0.408052E-003
  0.176780E+001  0.231261E+001  0.400000E+001  0.407618E-003
  0.176960E+001  0.231496E+001  0.400000E+001  0.407185E-003
  0.177140E+001  0.231732E+001  0.400000E+001  0.406752E-003
  0.177320E+001  0.231968E+001  0.400000E+001  0.406319E-003
  0.177500E+001  0.232204E+001  0.400000E+001  0.405886E-003
  0.177680E+001  0.232440E+001  0.400000E+001  0.405453E-003
  0.177860E+001  0.232676E+001  0.400000E+001  0.405017E-003
  0.178040E+001  0.232912E+001  0.400000E+001  0.404579E-003
  0.178220E+001  0.233148E+001  0.400000E+001  0.404136E-003
  0.178400E+001  0.233384E+001  0.400000E+001  0.403681E-003
  0.178580E+001  0.233620E+001  0.400000E+001  0.403200E-003
  0.178760E+001  0.233855E+001  0.400000E+001  0.402653E-003
  0.178940E+001  0.234091E+001  0.400000E+001  0.401863E-003
  0.179120E+001  0.275057E+001  0.300000E+001  0.808942E-003
  0.179300E+001  0.275298E+001  0.300000E+001  0.807908E-003
% seventh
 0.179300E+001  0.234582E+001  0.300000E+001  0.155351E-002
  0.179311E+001  0.234577E+001  0.300000E+001  0.247587E-003
  0.179321E+001  0.234641E+001  0.300000E+001  0.168822E-002
  0.179332E+001  0.234671E+001  0.300000E+001  0.169499E-002
  0.179342E+001  0.234700E+001  0.300000E+001  0.169803E-002
  0.179353E+001  0.234730E+001  0.300000E+001  0.169958E-002
  0.179364E+001  0.234759E+001  0.300000E+001  0.170041E-002
  0.179374E+001  0.234789E+001  0.300000E+001  0.170087E-002
  0.179385E+001  0.234818E+001  0.300000E+001  0.170109E-002
  0.179395E+001  0.234848E+001  0.300000E+001  0.170118E-002
  0.179406E+001  0.234877E+001  0.300000E+001  0.170117E-002
  0.179417E+001  0.234716E+001  0.400000E+001  0.396719E-003
  0.179427E+001  0.234730E+001  0.400000E+001  0.397377E-003
  0.179438E+001  0.234744E+001  0.400000E+001  0.397896E-003
  0.179448E+001  0.234758E+001  0.400000E+001  0.398311E-003
  0.179459E+001  0.235025E+001  0.300000E+001  0.170047E-002
  0.179470E+001  0.234785E+001  0.400000E+001  0.398922E-003
  0.179480E+001  0.234799E+001  0.400000E+001  0.399149E-003
  0.179491E+001  0.234813E+001  0.400000E+001  0.399337E-003
  0.179501E+001  0.234827E+001  0.400000E+001  0.399495E-003
  0.179512E+001  0.234841E+001  0.400000E+001  0.399627E-003
  0.179523E+001  0.234855E+001  0.400000E+001  0.399739E-003
  0.179533E+001  0.234869E+001  0.400000E+001  0.399834E-003
  0.179544E+001  0.234883E+001  0.400000E+001  0.399914E-003
  0.179554E+001  0.234897E+001  0.400000E+001  0.399982E-003
  0.179565E+001  0.234910E+001  0.400000E+001  0.400039E-003
  0.179576E+001  0.234924E+001  0.400000E+001  0.400088E-003
  0.179586E+001  0.234938E+001  0.400000E+001  0.400129E-003
  0.179597E+001  0.234952E+001  0.400000E+001  0.400163E-003
  0.179607E+001  0.234966E+001  0.400000E+001  0.400191E-003
  0.179618E+001  0.234980E+001  0.400000E+001  0.400215E-003
  0.179629E+001  0.234994E+001  0.400000E+001  0.400234E-003
  0.179639E+001  0.235008E+001  0.400000E+001  0.400249E-003
  0.179650E+001  0.235022E+001  0.400000E+001  0.400261E-003
  0.179660E+001  0.235035E+001  0.400000E+001  0.400270E-003
  0.179671E+001  0.235049E+001  0.400000E+001  0.400276E-003
  0.179682E+001  0.235063E+001  0.400000E+001  0.400279E-003
  0.179692E+001  0.235077E+001  0.400000E+001  0.400281E-003
  0.179703E+001  0.235091E+001  0.400000E+001  0.400280E-003
  0.179713E+001  0.235105E+001  0.400000E+001  0.400278E-003
  0.179724E+001  0.235119E+001  0.400000E+001  0.400274E-003
  0.179735E+001  0.235133E+001  0.400000E+001  0.400269E-003
  0.179745E+001  0.235147E+001  0.400000E+001  0.400262E-003
  0.179756E+001  0.235160E+001  0.400000E+001  0.400254E-003
  0.179766E+001  0.235174E+001  0.400000E+001  0.400245E-003
  0.179777E+001  0.235188E+001  0.400000E+001  0.400235E-003
  0.179788E+001  0.235202E+001  0.400000E+001  0.400224E-003
  0.179798E+001  0.235216E+001  0.400000E+001  0.400212E-003
  0.179809E+001  0.235230E+001  0.400000E+001  0.400200E-003
  0.179819E+001  0.235244E+001  0.400000E+001  0.400187E-003
  0.179830E+001  0.235258E+001  0.400000E+001  0.400173E-003
  0.179841E+001  0.235272E+001  0.400000E+001  0.400158E-003
  0.179851E+001  0.235286E+001  0.400000E+001  0.400143E-003
  0.179862E+001  0.235299E+001  0.400000E+001  0.400128E-003
  0.179872E+001  0.235313E+001  0.400000E+001  0.400112E-003
  0.179883E+001  0.235327E+001  0.400000E+001  0.400095E-003
  0.179894E+001  0.235341E+001  0.400000E+001  0.400078E-003
  0.179904E+001  0.235355E+001  0.400000E+001  0.400061E-003
  0.179915E+001  0.235369E+001  0.400000E+001  0.400043E-003
  0.179925E+001  0.235383E+001  0.400000E+001  0.400025E-003
  0.179936E+001  0.235397E+001  0.400000E+001  0.400007E-003
  0.179947E+001  0.235411E+001  0.400000E+001  0.399988E-003
  0.179957E+001  0.235424E+001  0.400000E+001  0.399970E-003
  0.179968E+001  0.235438E+001  0.400000E+001  0.399950E-003
  0.179978E+001  0.235452E+001  0.400000E+001  0.399931E-003
  0.179989E+001  0.235466E+001  0.400000E+001  0.399911E-003
  0.180000E+001  0.235480E+001  0.400000E+001  0.399892E-003
  0.180010E+001  0.235494E+001  0.400000E+001  0.399872E-003
  0.180021E+001  0.235508E+001  0.400000E+001  0.399851E-003
  0.180031E+001  0.235522E+001  0.400000E+001  0.399831E-003
  0.180042E+001  0.235536E+001  0.400000E+001  0.399810E-003
  0.180053E+001  0.235549E+001  0.400000E+001  0.399790E-003
  0.180063E+001  0.235563E+001  0.400000E+001  0.399769E-003
  0.180074E+001  0.235577E+001  0.400000E+001  0.399748E-003
  0.180084E+001  0.235591E+001  0.400000E+001  0.399727E-003
  0.180095E+001  0.235605E+001  0.400000E+001  0.399705E-003
  0.180106E+001  0.235619E+001  0.400000E+001  0.399684E-003
  0.180116E+001  0.235633E+001  0.400000E+001  0.399662E-003
  0.180127E+001  0.235647E+001  0.400000E+001  0.399641E-003
  0.180137E+001  0.235661E+001  0.400000E+001  0.399619E-003
  0.180148E+001  0.235674E+001  0.400000E+001  0.399597E-003
  0.180159E+001  0.235688E+001  0.400000E+001  0.399575E-003
  0.180169E+001  0.235702E+001  0.400000E+001  0.399553E-003
  0.180180E+001  0.235716E+001  0.400000E+001  0.399531E-003
  0.180190E+001  0.235730E+001  0.400000E+001  0.399509E-003
  0.180201E+001  0.235744E+001  0.400000E+001  0.399487E-003
  0.180212E+001  0.235758E+001  0.400000E+001  0.399464E-003
  0.180222E+001  0.235772E+001  0.400000E+001  0.399442E-003
  0.180233E+001  0.235786E+001  0.400000E+001  0.399420E-003
  0.180243E+001  0.235800E+001  0.400000E+001  0.399397E-003
  0.180254E+001  0.235813E+001  0.400000E+001  0.399374E-003
  0.180265E+001  0.235827E+001  0.400000E+001  0.399352E-003
  0.180275E+001  0.235841E+001  0.400000E+001  0.399329E-003
  0.180286E+001  0.235855E+001  0.400000E+001  0.399306E-003
  0.180296E+001  0.235869E+001  0.400000E+001  0.399283E-003
  0.180307E+001  0.235883E+001  0.400000E+001  0.399261E-003
  0.180318E+001  0.235897E+001  0.400000E+001  0.399238E-003
  0.180328E+001  0.235911E+001  0.400000E+001  0.399215E-003
  0.180339E+001  0.235925E+001  0.400000E+001  0.399192E-003
  0.180349E+001  0.107863E-001  0.500000E+001  0.265637E-003
  0.180360E+001  0.110744E-001  0.600000E+001  0.106595E-001
%eigth
 0.180350E+001  0.235939E+001  0.500000E+001  0.399167E-003
  0.180801E+001  0.236530E+001  0.500000E+001  0.398166E-003
  0.181252E+001  0.237121E+001  0.500000E+001  0.397148E-003
  0.181703E+001  0.237712E+001  0.500000E+001  0.396128E-003
  0.182154E+001  0.238303E+001  0.500000E+001  0.395111E-003
  0.182605E+001  0.238895E+001  0.500000E+001  0.394096E-003
  0.183056E+001  0.239486E+001  0.500000E+001  0.393086E-003
  0.183507E+001  0.240077E+001  0.500000E+001  0.392080E-003
  0.183958E+001  0.240668E+001  0.500000E+001  0.391079E-003
  0.184409E+001  0.241259E+001  0.500000E+001  0.390082E-003
  0.184860E+001  0.241850E+001  0.500000E+001  0.389090E-003
  0.185311E+001  0.242441E+001  0.500000E+001  0.388102E-003
  0.185762E+001  0.243032E+001  0.500000E+001  0.387119E-003
  0.186213E+001  0.243623E+001  0.500000E+001  0.386140E-003
  0.186664E+001  0.244214E+001  0.500000E+001  0.385166E-003
  0.187115E+001  0.244805E+001  0.500000E+001  0.384196E-003
  0.187566E+001  0.245396E+001  0.500000E+001  0.383230E-003
  0.188017E+001  0.245987E+001  0.500000E+001  0.382269E-003
  0.188468E+001  0.246578E+001  0.500000E+001  0.381313E-003
  0.188919E+001  0.247169E+001  0.500000E+001  0.380360E-003
  0.189370E+001  0.247760E+001  0.500000E+001  0.379412E-003
  0.189821E+001  0.248351E+001  0.500000E+001  0.378467E-003
  0.190272E+001  0.248943E+001  0.500000E+001  0.377527E-003
  0.190723E+001  0.249534E+001  0.500000E+001  0.376591E-003
  0.191174E+001  0.250125E+001  0.500000E+001  0.375659E-003
  0.191625E+001  0.250716E+001  0.500000E+001  0.374731E-003
  0.192076E+001  0.251307E+001  0.500000E+001  0.373807E-003
  0.192527E+001  0.251898E+001  0.500000E+001  0.372887E-003
  0.192978E+001  0.252489E+001  0.500000E+001  0.371971E-003
  0.193429E+001  0.253080E+001  0.500000E+001  0.371058E-003
  0.193880E+001  0.253671E+001  0.500000E+001  0.370149E-003
  0.194331E+001  0.254262E+001  0.500000E+001  0.369244E-003
  0.194782E+001  0.254853E+001  0.500000E+001  0.368343E-003
  0.195233E+001  0.255444E+001  0.500000E+001  0.367445E-003
  0.195684E+001  0.256035E+001  0.500000E+001  0.366550E-003
  0.196135E+001  0.256626E+001  0.500000E+001  0.365660E-003
  0.196586E+001  0.257217E+001  0.500000E+001  0.364772E-003
  0.197037E+001  0.257808E+001  0.500000E+001  0.363888E-003
  0.197488E+001  0.258399E+001  0.500000E+001  0.363008E-003
  0.197939E+001  0.258991E+001  0.500000E+001  0.362130E-003
  0.198390E+001  0.259582E+001  0.500000E+001  0.361256E-003
  0.198841E+001  0.260173E+001  0.500000E+001  0.360385E-003
  0.199292E+001  0.260764E+001  0.500000E+001  0.359518E-003
  0.199743E+001  0.261355E+001  0.500000E+001  0.358653E-003
  0.200194E+001  0.261946E+001  0.500000E+001  0.357791E-003
  0.200645E+001  0.262537E+001  0.500000E+001  0.356933E-003
  0.201096E+001  0.263128E+001  0.500000E+001  0.356077E-003
  0.201547E+001  0.263719E+001  0.500000E+001  0.355224E-003
  0.201998E+001  0.264310E+001  0.500000E+001  0.354374E-003
  0.202449E+001  0.264901E+001  0.500000E+001  0.353526E-003
  0.202900E+001  0.265492E+001  0.500000E+001  0.352682E-003
  0.203351E+001  0.266083E+001  0.500000E+001  0.351840E-003
  0.203802E+001  0.266674E+001  0.500000E+001  0.351000E-003
  0.204253E+001  0.267265E+001  0.500000E+001  0.350163E-003
  0.204704E+001  0.267856E+001  0.500000E+001  0.349329E-003
  0.205155E+001  0.268447E+001  0.500000E+001  0.348496E-003
  0.205606E+001  0.269039E+001  0.500000E+001  0.347666E-003
  0.206057E+001  0.269630E+001  0.500000E+001  0.346838E-003
  0.206508E+001  0.270221E+001  0.500000E+001  0.346013E-003
  0.206959E+001  0.270812E+001  0.500000E+001  0.345189E-003
  0.207410E+001  0.271403E+001  0.500000E+001  0.344367E-003
  0.207861E+001  0.271994E+001  0.500000E+001  0.343547E-003
  0.208312E+001  0.272585E+001  0.500000E+001  0.342729E-003
  0.208763E+001  0.273176E+001  0.500000E+001  0.341913E-003
  0.209214E+001  0.273767E+001  0.500000E+001  0.341098E-003
  0.209665E+001  0.274358E+001  0.500000E+001  0.340284E-003
  0.210116E+001  0.274949E+001  0.500000E+001  0.339472E-003
  0.210567E+001  0.275540E+001  0.500000E+001  0.338662E-003
  0.211018E+001  0.276131E+001  0.500000E+001  0.337852E-003
  0.211469E+001  0.276722E+001  0.500000E+001  0.337043E-003
  0.211920E+001  0.277313E+001  0.500000E+001  0.336235E-003
  0.212371E+001  0.277904E+001  0.500000E+001  0.335428E-003
  0.212822E+001  0.278496E+001  0.500000E+001  0.334622E-003
  0.213273E+001  0.279087E+001  0.500000E+001  0.333816E-003
  0.213724E+001  0.279678E+001  0.500000E+001  0.333010E-003
  0.214175E+001  0.280269E+001  0.500000E+001  0.332204E-003
  0.214626E+001  0.280860E+001  0.500000E+001  0.331399E-003
  0.215077E+001  0.281451E+001  0.500000E+001  0.330593E-003
  0.215528E+001  0.282042E+001  0.500000E+001  0.329786E-003
  0.215979E+001  0.282633E+001  0.400000E+001  0.328979E-003
  0.216430E+001  0.283224E+001  0.500000E+001  0.328171E-003
  0.216881E+001  0.283815E+001  0.500000E+001  0.327361E-003
  0.217332E+001  0.284406E+001  0.500000E+001  0.326550E-003
  0.217783E+001  0.284997E+001  0.500000E+001  0.325737E-003
  0.218234E+001  0.285588E+001  0.500000E+001  0.324923E-003
  0.218685E+001  0.286179E+001  0.500000E+001  0.324105E-003
  0.219136E+001  0.286770E+001  0.500000E+001  0.323285E-003
  0.219587E+001  0.287362E+001  0.500000E+001  0.322461E-003
  0.220038E+001  0.287953E+001  0.500000E+001  0.321634E-003
  0.220489E+001  0.288544E+001  0.500000E+001  0.320803E-003
  0.220940E+001  0.289135E+001  0.500000E+001  0.319967E-003
  0.221391E+001  0.289726E+001  0.500000E+001  0.319125E-003
  0.221842E+001  0.290317E+001  0.500000E+001  0.318278E-003
  0.222293E+001  0.290908E+001  0.500000E+001  0.317423E-003
  0.222744E+001  0.291499E+001  0.500000E+001  0.316562E-003
  0.223195E+001  0.292090E+001  0.500000E+001  0.315692E-003
  0.223646E+001  0.292681E+001  0.500000E+001  0.314812E-003
  0.224097E+001  0.293272E+001  0.500000E+001  0.313922E-003
  0.224548E+001  0.293863E+001  0.500000E+001  0.313020E-003
  0.224999E+001  0.294454E+001  0.500000E+001  0.312106E-003
  0.225450E+001  0.272651E+001  0.600000E+001  0.152963E-002
%nineth
 0.225440E+001  0.335850E+001  0.500000E+001  0.659133E-003
  0.225870E+001  0.295596E+001  0.600000E+001  0.310297E-003
  0.226299E+001  0.296159E+001  0.600000E+001  0.309380E-003
  0.226729E+001  0.296722E+001  0.600000E+001  0.308445E-003
  0.227158E+001  0.297285E+001  0.600000E+001  0.307489E-003
  0.227588E+001  0.297848E+001  0.600000E+001  0.306509E-003
  0.228018E+001  0.298411E+001  0.600000E+001  0.305503E-003
  0.228447E+001  0.298974E+001  0.600000E+001  0.304468E-003
  0.228877E+001  0.299537E+001  0.600000E+001  0.303398E-003
  0.229306E+001  0.300100E+001  0.600000E+001  0.302290E-003
  0.229736E+001  0.300663E+001  0.600000E+001  0.301138E-003
  0.230166E+001  0.301226E+001  0.600000E+001  0.299936E-003
  0.230595E+001  0.301789E+001  0.600000E+001  0.298675E-003
  0.231025E+001  0.302352E+001  0.600000E+001  0.297345E-003
  0.231454E+001  0.302915E+001  0.600000E+001  0.295936E-003
  0.231884E+001  0.303479E+001  0.600000E+001  0.294432E-003
  0.232314E+001  0.304042E+001  0.600000E+001  0.292817E-003
  0.232743E+001  0.304605E+001  0.600000E+001  0.291066E-003
  0.233173E+001  0.305168E+001  0.600000E+001  0.289151E-003
  0.233602E+001  0.305731E+001  0.600000E+001  0.287033E-003
  0.234032E+001  0.306294E+001  0.600000E+001  0.284663E-003
  0.234462E+001  0.306858E+001  0.600000E+001  0.281970E-003
  0.234891E+001  0.307421E+001  0.600000E+001  0.278858E-003
  0.235321E+001  0.307984E+001  0.600000E+001  0.275189E-003
  0.235750E+001  0.308548E+001  0.600000E+001  0.270757E-003
  0.236180E+001  0.309111E+001  0.600000E+001  0.265237E-003
  0.236610E+001  0.309675E+001  0.600000E+001  0.258098E-003
  0.237039E+001  0.310239E+001  0.600000E+001  0.248394E-003
  0.237469E+001  0.310804E+001  0.600000E+001  0.234278E-003
  0.237898E+001  0.311370E+001  0.600000E+001  0.211622E-003
  0.238328E+001  0.311939E+001  0.600000E+001  0.169203E-003
  0.238758E+001  0.353007E+001  0.500000E+001  0.600462E-003
  0.239187E+001  0.313239E+001  0.600000E+001  0.321041E-003
  0.239617E+001  0.314351E+001  0.600000E+001  0.999463E-003
  0.240046E+001  0.315529E+001  0.600000E+001  0.112056E-002
  0.240476E+001  0.316711E+001  0.600000E+001  0.116066E-002
  0.240906E+001  0.317891E+001  0.600000E+001  0.117812E-002
  0.241335E+001  0.319068E+001  0.600000E+001  0.118629E-002
  0.241765E+001  0.320243E+001  0.600000E+001  0.118981E-002
  0.242194E+001  0.321414E+001  0.600000E+001  0.119068E-002
  0.242624E+001  0.322582E+001  0.600000E+001  0.118992E-002
  0.243054E+001  0.323747E+001  0.600000E+001  0.118808E-002
  0.243483E+001  0.324908E+001  0.600000E+001  0.118551E-002
  0.243913E+001  0.326065E+001  0.600000E+001  0.118243E-002
  0.244342E+001  0.327220E+001  0.600000E+001  0.117897E-002
  0.244772E+001  0.328371E+001  0.600000E+001  0.117523E-002
  0.245202E+001  0.329519E+001  0.600000E+001  0.117128E-002
  0.245631E+001  0.330663E+001  0.600000E+001  0.116718E-002
  0.246061E+001  0.331805E+001  0.600000E+001  0.116297E-002
  0.246490E+001  0.332943E+001  0.600000E+001  0.115867E-002
  0.246920E+001  0.334078E+001  0.600000E+001  0.115430E-002
  0.247350E+001  0.335209E+001  0.600000E+001  0.114989E-002
  0.247779E+001  0.336338E+001  0.600000E+001  0.114545E-002
  0.248209E+001  0.337463E+001  0.600000E+001  0.114098E-002
  0.248638E+001  0.338586E+001  0.600000E+001  0.113650E-002
  0.249068E+001  0.339705E+001  0.600000E+001  0.113202E-002
  0.249498E+001  0.340822E+001  0.600000E+001  0.112754E-002
  0.249927E+001  0.341935E+001  0.600000E+001  0.112306E-002
  0.250357E+001  0.343046E+001  0.600000E+001  0.111859E-002
  0.250786E+001  0.344154E+001  0.600000E+001  0.111414E-002
  0.251216E+001  0.345258E+001  0.600000E+001  0.110970E-002
  0.251646E+001  0.346360E+001  0.600000E+001  0.110528E-002
  0.252075E+001  0.347459E+001  0.600000E+001  0.110088E-002
  0.252505E+001  0.348556E+001  0.600000E+001  0.109650E-002
  0.252934E+001  0.349649E+001  0.600000E+001  0.109215E-002
  0.253364E+001  0.350740E+001  0.600000E+001  0.108782E-002
  0.253794E+001  0.351828E+001  0.600000E+001  0.108351E-002
  0.254223E+001  0.352913E+001  0.600000E+001  0.107924E-002
  0.254653E+001  0.353996E+001  0.600000E+001  0.107498E-002
  0.255082E+001  0.355076E+001  0.600000E+001  0.107076E-002
  0.255512E+001  0.356153E+001  0.600000E+001  0.106656E-002
  0.255942E+001  0.357228E+001  0.600000E+001  0.106239E-002
  0.256371E+001  0.358300E+001  0.600000E+001  0.105825E-002
  0.256801E+001  0.359370E+001  0.600000E+001  0.105414E-002
  0.257230E+001  0.360437E+001  0.600000E+001  0.105006E-002
  0.257660E+001  0.361501E+001  0.600000E+001  0.104601E-002
  0.258090E+001  0.362563E+001  0.600000E+001  0.104198E-002
  0.258519E+001  0.363623E+001  0.600000E+001  0.103799E-002
  0.258949E+001  0.364680E+001  0.600000E+001  0.103402E-002
  0.259378E+001  0.365734E+001  0.600000E+001  0.103008E-002
  0.259808E+001  0.366787E+001  0.600000E+001  0.102617E-002
  0.260238E+001  0.367836E+001  0.600000E+001  0.102229E-002
  0.260667E+001  0.368884E+001  0.600000E+001  0.101844E-002
  0.261097E+001  0.369929E+001  0.600000E+001  0.101461E-002
  0.261526E+001  0.370972E+001  0.600000E+001  0.101082E-002
  0.261956E+001  0.372012E+001  0.600000E+001  0.100705E-002
  0.262386E+001  0.373050E+001  0.600000E+001  0.100331E-002
  0.262815E+001  0.374086E+001  0.600000E+001  0.999595E-003
  0.263245E+001  0.375120E+001  0.600000E+001  0.995910E-003
  0.263674E+001  0.376151E+001  0.600000E+001  0.992253E-003
  0.264104E+001  0.377181E+001  0.600000E+001  0.988622E-003
  0.264534E+001  0.378208E+001  0.600000E+001  0.985019E-003
  0.264963E+001  0.379232E+001  0.600000E+001  0.981442E-003
  0.265393E+001  0.380255E+001  0.600000E+001  0.977892E-003
  0.265822E+001  0.381276E+001  0.600000E+001  0.974368E-003
  0.266252E+001  0.382294E+001  0.600000E+001  0.970870E-003
  0.266682E+001  0.383310E+001  0.600000E+001  0.967398E-003
  0.267111E+001  0.384324E+001  0.600000E+001  0.963951E-003
  0.267541E+001  0.385336E+001  0.600000E+001  0.960530E-003
  0.267970E+001  0.386346E+001  0.500000E+001  0.957134E-003
  0.268400E+001  0.387354E+001  0.500000E+001  0.953763E-003