 0.180350E+001  0.107834E-001  0.500000E+001  0.304513E-003
  0.180801E+001  0.265015E+000  0.500000E+001  0.181166E-001
  0.181252E+001  0.376599E+000  0.500000E+001  0.127312E-001
  0.181703E+001  0.462052E+000  0.500000E+001  0.103609E-001
  0.182154E+001  0.534062E+000  0.500000E+001  0.894977E-002
  0.182605E+001  0.597507E+000  0.500000E+001  0.798674E-002
  0.183056E+001  0.654880E+000  0.500000E+001  0.727537E-002
  0.183507E+001  0.707659E+000  0.500000E+001  0.672195E-002
  0.183958E+001  0.756806E+000  0.500000E+001  0.627533E-002
  0.184409E+001  0.802987E+000  0.500000E+001  0.590493E-002
  0.184860E+001  0.846688E+000  0.500000E+001  0.559117E-002
  0.185311E+001  0.888275E+000  0.500000E+001  0.532086E-002
  0.185762E+001  0.928031E+000  0.500000E+001  0.508477E-002
  0.186213E+001  0.966183E+000  0.500000E+001  0.487618E-002
  0.186664E+001  0.100291E+001  0.500000E+001  0.469011E-002
  0.187115E+001  0.103837E+001  0.500000E+001  0.452273E-002
  0.187566E+001  0.107269E+001  0.500000E+001  0.437109E-002
  0.188017E+001  0.110597E+001  0.500000E+001  0.423285E-002
  0.188468E+001  0.113830E+001  0.500000E+001  0.410613E-002
  0.188919E+001  0.116976E+001  0.500000E+001  0.398939E-002
  0.189370E+001  0.120042E+001  0.500000E+001  0.388137E-002
  0.189821E+001  0.123034E+001  0.500000E+001  0.378104E-002
  0.190272E+001  0.125957E+001  0.500000E+001  0.368750E-002
  0.190723E+001  0.128817E+001  0.500000E+001  0.360002E-002
  0.191174E+001  0.131616E+001  0.500000E+001  0.351797E-002
  0.191625E+001  0.134359E+001  0.500000E+001  0.344079E-002
  0.192076E+001  0.137049E+001  0.500000E+001  0.336802E-002
  0.192527E+001  0.139690E+001  0.500000E+001  0.329925E-002
  0.192978E+001  0.142283E+001  0.500000E+001  0.323411E-002
  0.193429E+001  0.144832E+001  0.500000E+001  0.317231E-002
  0.193880E+001  0.147339E+001  0.500000E+001  0.311355E-002
  0.194331E+001  0.149806E+001  0.500000E+001  0.305760E-002
  0.194782E+001  0.152234E+001  0.500000E+001  0.300423E-002
  0.195233E+001  0.154626E+001  0.500000E+001  0.295325E-002
  0.195684E+001  0.156984E+001  0.500000E+001  0.290448E-002
  0.196135E+001  0.159309E+001  0.500000E+001  0.285777E-002
  0.196586E+001  0.161601E+001  0.500000E+001  0.281297E-002
  0.197037E+001  0.163864E+001  0.500000E+001  0.276996E-002
  0.197488E+001  0.166097E+001  0.500000E+001  0.272861E-002
  0.197939E+001  0.168302E+001  0.500000E+001  0.268883E-002
  0.198390E+001  0.170481E+001  0.500000E+001  0.265051E-002
  0.198841E+001  0.172633E+001  0.500000E+001  0.261356E-002
  0.199292E+001  0.174761E+001  0.500000E+001  0.257791E-002
  0.199743E+001  0.176865E+001  0.500000E+001  0.254348E-002
  0.200194E+001  0.178945E+001  0.500000E+001  0.251020E-002
  0.200645E+001  0.181003E+001  0.500000E+001  0.247801E-002
  0.201096E+001  0.183040E+001  0.500000E+001  0.244684E-002
  0.201547E+001  0.185055E+001  0.500000E+001  0.241665E-002
  0.201998E+001  0.187050E+001  0.500000E+001  0.238739E-002
  0.202449E+001  0.189026E+001  0.500000E+001  0.235900E-002
  0.202900E+001  0.190983E+001  0.500000E+001  0.233145E-002
  0.203351E+001  0.192921E+001  0.500000E+001  0.230469E-002
  0.203802E+001  0.194841E+001  0.500000E+001  0.227869E-002
  0.204253E+001  0.196744E+001  0.500000E+001  0.225340E-002
  0.204704E+001  0.198630E+001  0.500000E+001  0.222881E-002
  0.205155E+001  0.200500E+001  0.500000E+001  0.220487E-002
  0.205606E+001  0.202354E+001  0.500000E+001  0.218157E-002
  0.206057E+001  0.204192E+001  0.500000E+001  0.215886E-002
  0.206508E+001  0.206015E+001  0.500000E+001  0.213673E-002
  0.206959E+001  0.207824E+001  0.500000E+001  0.211515E-002
  0.207410E+001  0.209618E+001  0.500000E+001  0.209410E-002
  0.207861E+001  0.211398E+001  0.500000E+001  0.207355E-002
  0.208312E+001  0.213165E+001  0.500000E+001  0.205350E-002
  0.208763E+001  0.214919E+001  0.500000E+001  0.203391E-002
  0.209214E+001  0.216659E+001  0.500000E+001  0.201478E-002
  0.209665E+001  0.218387E+001  0.500000E+001  0.199608E-002
  0.210116E+001  0.220103E+001  0.500000E+001  0.197780E-002
  0.210567E+001  0.221806E+001  0.500000E+001  0.195992E-002
  0.211018E+001  0.223498E+001  0.500000E+001  0.194243E-002
  0.211469E+001  0.225178E+001  0.500000E+001  0.192531E-002
  0.211920E+001  0.226847E+001  0.500000E+001  0.190855E-002
  0.212371E+001  0.228505E+001  0.500000E+001  0.189215E-002
  0.212822E+001  0.230152E+001  0.500000E+001  0.187608E-002
  0.213273E+001  0.231788E+001  0.500000E+001  0.186034E-002
  0.213724E+001  0.233415E+001  0.500000E+001  0.184492E-002
  0.214175E+001  0.235031E+001  0.500000E+001  0.182980E-002
  0.214626E+001  0.236637E+001  0.500000E+001  0.181498E-002
  0.215077E+001  0.238234E+001  0.500000E+001  0.180044E-002
  0.215528E+001  0.239820E+001  0.500000E+001  0.178618E-002
  0.215979E+001  0.241398E+001  0.400000E+001  0.177220E-002
  0.216430E+001  0.242967E+001  0.500000E+001  0.175847E-002
  0.216881E+001  0.244526E+001  0.500000E+001  0.174500E-002
  0.217332E+001  0.246077E+001  0.500000E+001  0.173178E-002
  0.217783E+001  0.247619E+001  0.500000E+001  0.171880E-002
  0.218234E+001  0.249153E+001  0.500000E+001  0.170605E-002
  0.218685E+001  0.250678E+001  0.500000E+001  0.169353E-002
  0.219136E+001  0.252195E+001  0.500000E+001  0.168123E-002
  0.219587E+001  0.253704E+001  0.500000E+001  0.166915E-002
  0.220038E+001  0.255205E+001  0.500000E+001  0.165727E-002
  0.220489E+001  0.256699E+001  0.500000E+001  0.164561E-002
  0.220940E+001  0.258185E+001  0.500000E+001  0.163414E-002
  0.221391E+001  0.259663E+001  0.500000E+001  0.162287E-002
  0.221842E+001  0.261134E+001  0.500000E+001  0.161179E-002
  0.222293E+001  0.262598E+001  0.500000E+001  0.160090E-002
  0.222744E+001  0.264054E+001  0.500000E+001  0.159019E-002
  0.223195E+001  0.265504E+001  0.500000E+001  0.157967E-002
  0.223646E+001  0.266946E+001  0.500000E+001  0.156932E-002
  0.224097E+001  0.268382E+001  0.500000E+001  0.155914E-002
  0.224548E+001  0.269812E+001  0.500000E+001  0.154913E-002
  0.224999E+001  0.271234E+001  0.500000E+001  0.153930E-002
  0.225450E+001  0.236152E-001  0.600000E+001  0.201728E+000

 0.225440E+001  0.295032E+001  0.500000E+001  0.311197E-003
  0.225870E+001  0.273962E+001  0.600000E+001  0.152078E-002
  0.226299E+001  0.275300E+001  0.600000E+001  0.151186E-002
  0.226729E+001  0.276632E+001  0.600000E+001  0.150309E-002
  0.227158E+001  0.277958E+001  0.600000E+001  0.149447E-002
  0.227588E+001  0.279279E+001  0.600000E+001  0.148600E-002
  0.228018E+001  0.280595E+001  0.600000E+001  0.147767E-002
  0.228447E+001  0.281905E+001  0.600000E+001  0.146949E-002
  0.228877E+001  0.283210E+001  0.600000E+001  0.146146E-002
  0.229306E+001  0.284510E+001  0.600000E+001  0.145358E-002
  0.229736E+001  0.285805E+001  0.600000E+001  0.144585E-002
  0.230166E+001  0.287094E+001  0.600000E+001  0.143828E-002
  0.230595E+001  0.288379E+001  0.600000E+001  0.143088E-002
  0.231025E+001  0.289659E+001  0.600000E+001  0.142365E-002
  0.231454E+001  0.290934E+001  0.600000E+001  0.141660E-002
  0.231884E+001  0.292204E+001  0.600000E+001  0.140974E-002
  0.232314E+001  0.293470E+001  0.600000E+001  0.140309E-002
  0.232743E+001  0.294731E+001  0.600000E+001  0.139668E-002
  0.233173E+001  0.295987E+001  0.600000E+001  0.139052E-002
  0.233602E+001  0.297239E+001  0.600000E+001  0.138466E-002
  0.234032E+001  0.298486E+001  0.600000E+001  0.137914E-002
  0.234462E+001  0.299729E+001  0.600000E+001  0.137403E-002
  0.234891E+001  0.300967E+001  0.600000E+001  0.136942E-002
  0.235321E+001  0.302201E+001  0.600000E+001  0.136546E-002
  0.235750E+001  0.303431E+001  0.600000E+001  0.136235E-002
  0.236180E+001  0.304656E+001  0.600000E+001  0.136040E-002
  0.236610E+001  0.305877E+001  0.600000E+001  0.136015E-002
  0.237039E+001  0.307094E+001  0.600000E+001  0.136255E-002
  0.237469E+001  0.308306E+001  0.600000E+001  0.136943E-002
  0.237898E+001  0.309512E+001  0.600000E+001  0.138492E-002
  0.238328E+001  0.310712E+001  0.600000E+001  0.142020E-002
  0.238758E+001  0.311896E+001  0.500000E+001  0.151291E-002
  0.239187E+001  0.312938E+001  0.600000E+001  0.125280E-002
  0.239617E+001  0.313583E+001  0.600000E+001  0.568995E-003
  0.240046E+001  0.314158E+001  0.600000E+001  0.441292E-003
  0.240476E+001  0.314726E+001  0.600000E+001  0.394517E-003
  0.240906E+001  0.315292E+001  0.600000E+001  0.370430E-003
  0.241335E+001  0.315856E+001  0.600000E+001  0.355679E-003
  0.241765E+001  0.316420E+001  0.600000E+001  0.345646E-003
  0.242194E+001  0.316984E+001  0.600000E+001  0.338323E-003
  0.242624E+001  0.317548E+001  0.600000E+001  0.332697E-003
  0.243054E+001  0.318111E+001  0.600000E+001  0.328205E-003
  0.243483E+001  0.318675E+001  0.600000E+001  0.324508E-003
  0.243913E+001  0.319238E+001  0.600000E+001  0.321389E-003
  0.244342E+001  0.319801E+001  0.600000E+001  0.318704E-003
  0.244772E+001  0.320364E+001  0.600000E+001  0.316354E-003
  0.245202E+001  0.320927E+001  0.600000E+001  0.314266E-003
  0.245631E+001  0.321491E+001  0.600000E+001  0.312390E-003
  0.246061E+001  0.322054E+001  0.600000E+001  0.310685E-003
  0.246490E+001  0.322617E+001  0.600000E+001  0.309122E-003
  0.246920E+001  0.323180E+001  0.600000E+001  0.307677E-003
  0.247350E+001  0.323743E+001  0.600000E+001  0.306331E-003
  0.247779E+001  0.324306E+001  0.600000E+001  0.305071E-003
  0.248209E+001  0.324869E+001  0.600000E+001  0.303884E-003
  0.248638E+001  0.325432E+001  0.600000E+001  0.302761E-003
  0.249068E+001  0.325995E+001  0.600000E+001  0.301692E-003
  0.249498E+001  0.326559E+001  0.600000E+001  0.300673E-003
  0.249927E+001  0.327122E+001  0.600000E+001  0.299696E-003
  0.250357E+001  0.327685E+001  0.600000E+001  0.298758E-003
  0.250786E+001  0.328248E+001  0.600000E+001  0.297853E-003
  0.251216E+001  0.328811E+001  0.600000E+001  0.296980E-003
  0.251646E+001  0.329374E+001  0.600000E+001  0.296134E-003
  0.252075E+001  0.329937E+001  0.600000E+001  0.295313E-003
  0.252505E+001  0.330500E+001  0.600000E+001  0.294515E-003
  0.252934E+001  0.331063E+001  0.600000E+001  0.293737E-003
  0.253364E+001  0.331626E+001  0.600000E+001  0.292979E-003
  0.253794E+001  0.332189E+001  0.600000E+001  0.292238E-003
  0.254223E+001  0.332752E+001  0.600000E+001  0.291513E-003
  0.254653E+001  0.333315E+001  0.600000E+001  0.290803E-003
  0.255082E+001  0.333878E+001  0.600000E+001  0.290107E-003
  0.255512E+001  0.334441E+001  0.600000E+001  0.289424E-003
  0.255942E+001  0.335004E+001  0.600000E+001  0.288753E-003
  0.256371E+001  0.335567E+001  0.600000E+001  0.288092E-003
  0.256801E+001  0.336130E+001  0.600000E+001  0.287443E-003
  0.257230E+001  0.336693E+001  0.600000E+001  0.286803E-003
  0.257660E+001  0.337256E+001  0.600000E+001  0.286172E-003
  0.258090E+001  0.337819E+001  0.600000E+001  0.285550E-003
  0.258519E+001  0.338382E+001  0.600000E+001  0.284937E-003
  0.258949E+001  0.338945E+001  0.600000E+001  0.284331E-003
  0.259378E+001  0.339508E+001  0.600000E+001  0.283732E-003
  0.259808E+001  0.340071E+001  0.600000E+001  0.283141E-003
  0.260238E+001  0.340634E+001  0.600000E+001  0.282556E-003
  0.260667E+001  0.341197E+001  0.600000E+001  0.281977E-003
  0.261097E+001  0.341760E+001  0.600000E+001  0.281405E-003
  0.261526E+001  0.342324E+001  0.600000E+001  0.280838E-003
  0.261956E+001  0.342887E+001  0.600000E+001  0.280277E-003
  0.262386E+001  0.343450E+001  0.600000E+001  0.279721E-003
  0.262815E+001  0.344013E+001  0.600000E+001  0.279170E-003
  0.263245E+001  0.344576E+001  0.600000E+001  0.278624E-003
  0.263674E+001  0.345139E+001  0.600000E+001  0.278082E-003
  0.264104E+001  0.345702E+001  0.600000E+001  0.277545E-003
  0.264534E+001  0.346265E+001  0.600000E+001  0.277013E-003
  0.264963E+001  0.346828E+001  0.600000E+001  0.276485E-003
  0.265393E+001  0.347391E+001  0.600000E+001  0.275960E-003
  0.265822E+001  0.347954E+001  0.600000E+001  0.275440E-003
  0.266252E+001  0.348517E+001  0.600000E+001  0.274923E-003
  0.266682E+001  0.349080E+001  0.600000E+001  0.274410E-003
  0.267111E+001  0.349643E+001  0.600000E+001  0.273901E-003
  0.267541E+001  0.350206E+001  0.600000E+001  0.273395E-003
  0.267970E+001  0.350769E+001  0.500000E+001  0.272892E-003
  0.268400E+001  0.351332E+001  0.500000E+001  0.272393E-003