  0.000000E+000  0.000000E+000  0.000000E+000  0.000000E+000
  0.180350E+001  0.107834E-001  0.500000E+001  0.304513E-003
  0.180801E+001  0.265015E+000  0.500000E+001  0.181166E-001
  0.181252E+001  0.376599E+000  0.500000E+001  0.127312E-001
  0.181703E+001  0.462052E+000  0.500000E+001  0.103609E-001
  0.182154E+001  0.534062E+000  0.500000E+001  0.894977E-002
  0.182605E+001  0.597507E+000  0.500000E+001  0.798674E-002
  0.183056E+001  0.654880E+000  0.500000E+001  0.727537E-002
  0.183507E+001  0.707659E+000  0.500000E+001  0.672195E-002
  0.183958E+001  0.756806E+000  0.500000E+001  0.627533E-002
  0.184409E+001  0.802987E+000  0.500000E+001  0.590493E-002
  0.184860E+001  0.846688E+000  0.500000E+001  0.559117E-002
  0.185311E+001  0.888275E+000  0.500000E+001  0.532086E-002
  0.185762E+001  0.928031E+000  0.500000E+001  0.508477E-002
  0.186213E+001  0.966183E+000  0.500000E+001  0.487618E-002
  0.186664E+001  0.100291E+001  0.500000E+001  0.469011E-002
  0.187115E+001  0.103837E+001  0.500000E+001  0.452273E-002
  0.187566E+001  0.107269E+001  0.500000E+001  0.437109E-002
  0.188017E+001  0.110597E+001  0.500000E+001  0.423285E-002
  0.188468E+001  0.113830E+001  0.500000E+001  0.410613E-002
  0.188919E+001  0.116976E+001  0.500000E+001  0.398939E-002
  0.189370E+001  0.120042E+001  0.500000E+001  0.388137E-002
  0.189821E+001  0.123034E+001  0.500000E+001  0.378104E-002
  0.190272E+001  0.125957E+001  0.500000E+001  0.368750E-002
  0.190723E+001  0.128817E+001  0.500000E+001  0.360002E-002
  0.191174E+001  0.131616E+001  0.500000E+001  0.351797E-002
  0.191625E+001  0.134359E+001  0.500000E+001  0.344079E-002
  0.192076E+001  0.137049E+001  0.500000E+001  0.336802E-002
  0.192527E+001  0.139690E+001  0.500000E+001  0.329925E-002
  0.192978E+001  0.142283E+001  0.500000E+001  0.323411E-002
  0.193429E+001  0.144832E+001  0.500000E+001  0.317231E-002
  0.193880E+001  0.147339E+001  0.500000E+001  0.311355E-002
  0.194331E+001  0.149806E+001  0.500000E+001  0.305760E-002
  0.194782E+001  0.152234E+001  0.500000E+001  0.300423E-002
  0.195233E+001  0.154626E+001  0.500000E+001  0.295325E-002
  0.195684E+001  0.156984E+001  0.500000E+001  0.290448E-002
  0.196135E+001  0.159309E+001  0.500000E+001  0.285777E-002
  0.196586E+001  0.161601E+001  0.500000E+001  0.281297E-002
  0.197037E+001  0.163864E+001  0.500000E+001  0.276996E-002
  0.197488E+001  0.166097E+001  0.500000E+001  0.272861E-002
  0.197939E+001  0.168302E+001  0.500000E+001  0.268883E-002
  0.198390E+001  0.170481E+001  0.500000E+001  0.265051E-002
  0.198841E+001  0.172633E+001  0.500000E+001  0.261356E-002
  0.199292E+001  0.174761E+001  0.500000E+001  0.257791E-002
  0.199743E+001  0.176865E+001  0.500000E+001  0.254348E-002
  0.200194E+001  0.178945E+001  0.500000E+001  0.251020E-002
  0.200645E+001  0.181003E+001  0.500000E+001  0.247801E-002
  0.201096E+001  0.183040E+001  0.500000E+001  0.244684E-002
  0.201547E+001  0.185055E+001  0.500000E+001  0.241665E-002
  0.201998E+001  0.187050E+001  0.500000E+001  0.238739E-002
  0.202449E+001  0.189026E+001  0.500000E+001  0.235900E-002
  0.202900E+001  0.190983E+001  0.500000E+001  0.233145E-002
  0.203351E+001  0.192921E+001  0.500000E+001  0.230469E-002
  0.203802E+001  0.194841E+001  0.500000E+001  0.227869E-002
  0.204253E+001  0.196744E+001  0.500000E+001  0.225340E-002
  0.204704E+001  0.198630E+001  0.500000E+001  0.222881E-002
  0.205155E+001  0.200500E+001  0.500000E+001  0.220487E-002
  0.205606E+001  0.202354E+001  0.500000E+001  0.218157E-002
  0.206057E+001  0.204192E+001  0.500000E+001  0.215886E-002
  0.206508E+001  0.206015E+001  0.500000E+001  0.213673E-002
  0.206959E+001  0.207824E+001  0.500000E+001  0.211515E-002
  0.207410E+001  0.209618E+001  0.500000E+001  0.209410E-002
  0.207861E+001  0.211398E+001  0.500000E+001  0.207355E-002
  0.208312E+001  0.213165E+001  0.500000E+001  0.205350E-002
  0.208763E+001  0.214919E+001  0.500000E+001  0.203391E-002
  0.209214E+001  0.216659E+001  0.500000E+001  0.201478E-002
  0.209665E+001  0.218387E+001  0.500000E+001  0.199608E-002
  0.210116E+001  0.220103E+001  0.500000E+001  0.197780E-002
  0.210567E+001  0.221806E+001  0.500000E+001  0.195992E-002
  0.211018E+001  0.223498E+001  0.500000E+001  0.194243E-002
  0.211469E+001  0.225178E+001  0.500000E+001  0.192531E-002
  0.211920E+001  0.226847E+001  0.500000E+001  0.190855E-002
  0.212371E+001  0.228505E+001  0.500000E+001  0.189215E-002
  0.212822E+001  0.230152E+001  0.500000E+001  0.187608E-002
  0.213273E+001  0.231788E+001  0.500000E+001  0.186034E-002
  0.213724E+001  0.233415E+001  0.500000E+001  0.184492E-002
  0.214175E+001  0.235031E+001  0.500000E+001  0.182980E-002
  0.214626E+001  0.236637E+001  0.500000E+001  0.181498E-002
  0.215077E+001  0.238234E+001  0.500000E+001  0.180044E-002
  0.215528E+001  0.239820E+001  0.500000E+001  0.178618E-002
  0.215979E+001  0.241398E+001  0.400000E+001  0.177220E-002
  0.216430E+001  0.242967E+001  0.500000E+001  0.175847E-002
  0.216881E+001  0.244526E+001  0.500000E+001  0.174500E-002
  0.217332E+001  0.246077E+001  0.500000E+001  0.173178E-002
  0.217783E+001  0.247619E+001  0.500000E+001  0.171880E-002
  0.218234E+001  0.249153E+001  0.500000E+001  0.170605E-002
  0.218685E+001  0.250678E+001  0.500000E+001  0.169353E-002
  0.219136E+001  0.252195E+001  0.500000E+001  0.168123E-002
  0.219587E+001  0.253704E+001  0.500000E+001  0.166915E-002
  0.220038E+001  0.255205E+001  0.500000E+001  0.165727E-002
  0.220489E+001  0.256699E+001  0.500000E+001  0.164561E-002
  0.220940E+001  0.258185E+001  0.500000E+001  0.163414E-002
  0.221391E+001  0.259663E+001  0.500000E+001  0.162287E-002
  0.221842E+001  0.261134E+001  0.500000E+001  0.161179E-002
  0.222293E+001  0.262598E+001  0.500000E+001  0.160090E-002
  0.222744E+001  0.264054E+001  0.500000E+001  0.159019E-002
  0.223195E+001  0.265504E+001  0.500000E+001  0.157967E-002
  0.223646E+001  0.266946E+001  0.500000E+001  0.156932E-002
  0.224097E+001  0.268382E+001  0.500000E+001  0.155914E-002
  0.224548E+001  0.269812E+001  0.500000E+001  0.154913E-002
  0.224999E+001  0.271234E+001  0.500000E+001  0.153930E-002
  0.225450E+001  0.236152E-001  0.600000E+001  0.201728E+000
