  0.000000E+000  0.000000E+000  0.000000E+000  0.000000E+000
  0.180350E+001  0.235939E+001  0.500000E+001  0.399167E-003
  0.180801E+001  0.236530E+001  0.500000E+001  0.398166E-003
  0.181252E+001  0.237121E+001  0.500000E+001  0.397148E-003
  0.181703E+001  0.237712E+001  0.500000E+001  0.396128E-003
  0.182154E+001  0.238303E+001  0.500000E+001  0.395111E-003
  0.182605E+001  0.238895E+001  0.500000E+001  0.394096E-003
  0.183056E+001  0.239486E+001  0.500000E+001  0.393086E-003
  0.183507E+001  0.240077E+001  0.500000E+001  0.392080E-003
  0.183958E+001  0.240668E+001  0.500000E+001  0.391079E-003
  0.184409E+001  0.241259E+001  0.500000E+001  0.390082E-003
  0.184860E+001  0.241850E+001  0.500000E+001  0.389090E-003
  0.185311E+001  0.242441E+001  0.500000E+001  0.388102E-003
  0.185762E+001  0.243032E+001  0.500000E+001  0.387119E-003
  0.186213E+001  0.243623E+001  0.500000E+001  0.386140E-003
  0.186664E+001  0.244214E+001  0.500000E+001  0.385166E-003
  0.187115E+001  0.244805E+001  0.500000E+001  0.384196E-003
  0.187566E+001  0.245396E+001  0.500000E+001  0.383230E-003
  0.188017E+001  0.245987E+001  0.500000E+001  0.382269E-003
  0.188468E+001  0.246578E+001  0.500000E+001  0.381313E-003
  0.188919E+001  0.247169E+001  0.500000E+001  0.380360E-003
  0.189370E+001  0.247760E+001  0.500000E+001  0.379412E-003
  0.189821E+001  0.248351E+001  0.500000E+001  0.378467E-003
  0.190272E+001  0.248943E+001  0.500000E+001  0.377527E-003
  0.190723E+001  0.249534E+001  0.500000E+001  0.376591E-003
  0.191174E+001  0.250125E+001  0.500000E+001  0.375659E-003
  0.191625E+001  0.250716E+001  0.500000E+001  0.374731E-003
  0.192076E+001  0.251307E+001  0.500000E+001  0.373807E-003
  0.192527E+001  0.251898E+001  0.500000E+001  0.372887E-003
  0.192978E+001  0.252489E+001  0.500000E+001  0.371971E-003
  0.193429E+001  0.253080E+001  0.500000E+001  0.371058E-003
  0.193880E+001  0.253671E+001  0.500000E+001  0.370149E-003
  0.194331E+001  0.254262E+001  0.500000E+001  0.369244E-003
  0.194782E+001  0.254853E+001  0.500000E+001  0.368343E-003
  0.195233E+001  0.255444E+001  0.500000E+001  0.367445E-003
  0.195684E+001  0.256035E+001  0.500000E+001  0.366550E-003
  0.196135E+001  0.256626E+001  0.500000E+001  0.365660E-003
  0.196586E+001  0.257217E+001  0.500000E+001  0.364772E-003
  0.197037E+001  0.257808E+001  0.500000E+001  0.363888E-003
  0.197488E+001  0.258399E+001  0.500000E+001  0.363008E-003
  0.197939E+001  0.258991E+001  0.500000E+001  0.362130E-003
  0.198390E+001  0.259582E+001  0.500000E+001  0.361256E-003
  0.198841E+001  0.260173E+001  0.500000E+001  0.360385E-003
  0.199292E+001  0.260764E+001  0.500000E+001  0.359518E-003
  0.199743E+001  0.261355E+001  0.500000E+001  0.358653E-003
  0.200194E+001  0.261946E+001  0.500000E+001  0.357791E-003
  0.200645E+001  0.262537E+001  0.500000E+001  0.356933E-003
  0.201096E+001  0.263128E+001  0.500000E+001  0.356077E-003
  0.201547E+001  0.263719E+001  0.500000E+001  0.355224E-003
  0.201998E+001  0.264310E+001  0.500000E+001  0.354374E-003
  0.202449E+001  0.264901E+001  0.500000E+001  0.353526E-003
  0.202900E+001  0.265492E+001  0.500000E+001  0.352682E-003
  0.203351E+001  0.266083E+001  0.500000E+001  0.351840E-003
  0.203802E+001  0.266674E+001  0.500000E+001  0.351000E-003
  0.204253E+001  0.267265E+001  0.500000E+001  0.350163E-003
  0.204704E+001  0.267856E+001  0.500000E+001  0.349329E-003
  0.205155E+001  0.268447E+001  0.500000E+001  0.348496E-003
  0.205606E+001  0.269039E+001  0.500000E+001  0.347666E-003
  0.206057E+001  0.269630E+001  0.500000E+001  0.346838E-003
  0.206508E+001  0.270221E+001  0.500000E+001  0.346013E-003
  0.206959E+001  0.270812E+001  0.500000E+001  0.345189E-003
  0.207410E+001  0.271403E+001  0.500000E+001  0.344367E-003
  0.207861E+001  0.271994E+001  0.500000E+001  0.343547E-003
  0.208312E+001  0.272585E+001  0.500000E+001  0.342729E-003
  0.208763E+001  0.273176E+001  0.500000E+001  0.341913E-003
  0.209214E+001  0.273767E+001  0.500000E+001  0.341098E-003
  0.209665E+001  0.274358E+001  0.500000E+001  0.340284E-003
  0.210116E+001  0.274949E+001  0.500000E+001  0.339472E-003
  0.210567E+001  0.275540E+001  0.500000E+001  0.338662E-003
  0.211018E+001  0.276131E+001  0.500000E+001  0.337852E-003
  0.211469E+001  0.276722E+001  0.500000E+001  0.337043E-003
  0.211920E+001  0.277313E+001  0.500000E+001  0.336235E-003
  0.212371E+001  0.277904E+001  0.500000E+001  0.335428E-003
  0.212822E+001  0.278496E+001  0.500000E+001  0.334622E-003
  0.213273E+001  0.279087E+001  0.500000E+001  0.333816E-003
  0.213724E+001  0.279678E+001  0.500000E+001  0.333010E-003
  0.214175E+001  0.280269E+001  0.500000E+001  0.332204E-003
  0.214626E+001  0.280860E+001  0.500000E+001  0.331399E-003
  0.215077E+001  0.281451E+001  0.500000E+001  0.330593E-003
  0.215528E+001  0.282042E+001  0.500000E+001  0.329786E-003
  0.215979E+001  0.282633E+001  0.400000E+001  0.328979E-003
  0.216430E+001  0.283224E+001  0.500000E+001  0.328171E-003
  0.216881E+001  0.283815E+001  0.500000E+001  0.327361E-003
  0.217332E+001  0.284406E+001  0.500000E+001  0.326550E-003
  0.217783E+001  0.284997E+001  0.500000E+001  0.325737E-003
  0.218234E+001  0.285588E+001  0.500000E+001  0.324923E-003
  0.218685E+001  0.286179E+001  0.500000E+001  0.324105E-003
  0.219136E+001  0.286770E+001  0.500000E+001  0.323285E-003
  0.219587E+001  0.287362E+001  0.500000E+001  0.322461E-003
  0.220038E+001  0.287953E+001  0.500000E+001  0.321634E-003
  0.220489E+001  0.288544E+001  0.500000E+001  0.320803E-003
  0.220940E+001  0.289135E+001  0.500000E+001  0.319967E-003
  0.221391E+001  0.289726E+001  0.500000E+001  0.319125E-003
  0.221842E+001  0.290317E+001  0.500000E+001  0.318278E-003
  0.222293E+001  0.290908E+001  0.500000E+001  0.317423E-003
  0.222744E+001  0.291499E+001  0.500000E+001  0.316562E-003
  0.223195E+001  0.292090E+001  0.500000E+001  0.315692E-003
  0.223646E+001  0.292681E+001  0.500000E+001  0.314812E-003
  0.224097E+001  0.293272E+001  0.500000E+001  0.313922E-003
  0.224548E+001  0.293863E+001  0.500000E+001  0.313020E-003
  0.224999E+001  0.294454E+001  0.500000E+001  0.312106E-003
  0.225450E+001  0.272651E+001  0.600000E+001  0.152963E-002
