  0.000000E+000  0.000000E+000  0.000000E+000  0.000000E+000
  0.180350E+001  0.276704E+001  0.500000E+001  0.801918E-003
  0.180801E+001  0.277307E+001  0.500000E+001  0.799367E-003
  0.181252E+001  0.277910E+001  0.500000E+001  0.796829E-003
  0.181703E+001  0.278513E+001  0.500000E+001  0.794303E-003
  0.182154E+001  0.279115E+001  0.500000E+001  0.791789E-003
  0.182605E+001  0.279717E+001  0.500000E+001  0.789288E-003
  0.183056E+001  0.280319E+001  0.500000E+001  0.786798E-003
  0.183507E+001  0.280920E+001  0.500000E+001  0.784319E-003
  0.183958E+001  0.281521E+001  0.500000E+001  0.781851E-003
  0.184409E+001  0.282122E+001  0.500000E+001  0.779394E-003
  0.184860E+001  0.282723E+001  0.500000E+001  0.776948E-003
  0.185311E+001  0.283323E+001  0.500000E+001  0.774511E-003
  0.185762E+001  0.283923E+001  0.500000E+001  0.772085E-003
  0.186213E+001  0.284523E+001  0.500000E+001  0.769668E-003
  0.186664E+001  0.285123E+001  0.500000E+001  0.767260E-003
  0.187115E+001  0.285722E+001  0.500000E+001  0.764861E-003
  0.187566E+001  0.286321E+001  0.500000E+001  0.762470E-003
  0.188017E+001  0.286920E+001  0.500000E+001  0.760088E-003
  0.188468E+001  0.287518E+001  0.500000E+001  0.757713E-003
  0.188919E+001  0.288116E+001  0.500000E+001  0.755345E-003
  0.189370E+001  0.288714E+001  0.500000E+001  0.752985E-003
  0.189821E+001  0.289312E+001  0.500000E+001  0.750630E-003
  0.190272E+001  0.289909E+001  0.500000E+001  0.748282E-003
  0.190723E+001  0.290506E+001  0.500000E+001  0.745939E-003
  0.191174E+001  0.291103E+001  0.500000E+001  0.743601E-003
  0.191625E+001  0.291700E+001  0.500000E+001  0.741268E-003
  0.192076E+001  0.292296E+001  0.500000E+001  0.738938E-003
  0.192527E+001  0.292892E+001  0.500000E+001  0.736612E-003
  0.192978E+001  0.293488E+001  0.500000E+001  0.734288E-003
  0.193429E+001  0.294084E+001  0.500000E+001  0.731966E-003
  0.193880E+001  0.294679E+001  0.500000E+001  0.729645E-003
  0.194331E+001  0.295275E+001  0.500000E+001  0.727324E-003
  0.194782E+001  0.295869E+001  0.500000E+001  0.725004E-003
  0.195233E+001  0.296464E+001  0.500000E+001  0.722681E-003
  0.195684E+001  0.297059E+001  0.500000E+001  0.720357E-003
  0.196135E+001  0.297653E+001  0.500000E+001  0.718029E-003
  0.196586E+001  0.298247E+001  0.500000E+001  0.715697E-003
  0.197037E+001  0.298841E+001  0.500000E+001  0.713359E-003
  0.197488E+001  0.299434E+001  0.500000E+001  0.711013E-003
  0.197939E+001  0.300028E+001  0.500000E+001  0.708660E-003
  0.198390E+001  0.300621E+001  0.500000E+001  0.706296E-003
  0.198841E+001  0.301214E+001  0.500000E+001  0.703921E-003
  0.199292E+001  0.301807E+001  0.500000E+001  0.701532E-003
  0.199743E+001  0.302399E+001  0.500000E+001  0.699127E-003
  0.200194E+001  0.302992E+001  0.500000E+001  0.696704E-003
  0.200645E+001  0.303584E+001  0.500000E+001  0.694260E-003
  0.201096E+001  0.304176E+001  0.500000E+001  0.691792E-003
  0.201547E+001  0.304767E+001  0.500000E+001  0.689298E-003
  0.201998E+001  0.305359E+001  0.500000E+001  0.686773E-003
  0.202449E+001  0.305950E+001  0.500000E+001  0.684213E-003
  0.202900E+001  0.306541E+001  0.500000E+001  0.681614E-003
  0.203351E+001  0.307132E+001  0.500000E+001  0.678970E-003
  0.203802E+001  0.307723E+001  0.500000E+001  0.676276E-003
  0.204253E+001  0.308313E+001  0.500000E+001  0.673524E-003
  0.204704E+001  0.308904E+001  0.500000E+001  0.670707E-003
  0.205155E+001  0.309494E+001  0.500000E+001  0.667814E-003
  0.205606E+001  0.310084E+001  0.500000E+001  0.664835E-003
  0.206057E+001  0.310673E+001  0.500000E+001  0.661758E-003
  0.206508E+001  0.311263E+001  0.500000E+001  0.658566E-003
  0.206959E+001  0.311852E+001  0.500000E+001  0.655243E-003
  0.207410E+001  0.312442E+001  0.500000E+001  0.651765E-003
  0.207861E+001  0.313031E+001  0.500000E+001  0.648107E-003
  0.208312E+001  0.313620E+001  0.500000E+001  0.644235E-003
  0.208763E+001  0.314209E+001  0.500000E+001  0.640110E-003
  0.209214E+001  0.314797E+001  0.500000E+001  0.635679E-003
  0.209665E+001  0.315386E+001  0.500000E+001  0.630879E-003
  0.210116E+001  0.315974E+001  0.500000E+001  0.625624E-003
  0.210567E+001  0.316562E+001  0.500000E+001  0.619803E-003
  0.211018E+001  0.317150E+001  0.500000E+001  0.613267E-003
  0.211469E+001  0.317738E+001  0.500000E+001  0.605810E-003
  0.211920E+001  0.318326E+001  0.500000E+001  0.597137E-003
  0.212371E+001  0.318914E+001  0.500000E+001  0.586820E-003
  0.212822E+001  0.319502E+001  0.500000E+001  0.574203E-003
  0.213273E+001  0.320091E+001  0.500000E+001  0.558236E-003
  0.213724E+001  0.320679E+001  0.500000E+001  0.537126E-003
  0.214175E+001  0.321269E+001  0.500000E+001  0.507564E-003
  0.214626E+001  0.321859E+001  0.500000E+001  0.462767E-003
  0.215077E+001  0.322454E+001  0.500000E+001  0.386831E-003
  0.215528E+001  0.323058E+001  0.500000E+001  0.237836E-003
  0.215979E+001  0.346126E+001  0.400000E+001  0.801880E-003
  0.216430E+001  0.324530E+001  0.500000E+001  0.368680E-003
  0.216881E+001  0.325464E+001  0.500000E+001  0.692766E-003
  0.217332E+001  0.326420E+001  0.500000E+001  0.821553E-003
  0.217783E+001  0.327381E+001  0.500000E+001  0.883852E-003
  0.218234E+001  0.328342E+001  0.500000E+001  0.918820E-003
  0.218685E+001  0.329302E+001  0.500000E+001  0.940256E-003
  0.219136E+001  0.330260E+001  0.500000E+001  0.954081E-003
  0.219587E+001  0.331218E+001  0.500000E+001  0.963226E-003
  0.220038E+001  0.332173E+001  0.500000E+001  0.969300E-003
  0.220489E+001  0.333127E+001  0.500000E+001  0.973257E-003
  0.220940E+001  0.334078E+001  0.500000E+001  0.975698E-003
  0.221391E+001  0.335028E+001  0.500000E+001  0.977019E-003
  0.221842E+001  0.335976E+001  0.500000E+001  0.977492E-003
  0.222293E+001  0.336922E+001  0.500000E+001  0.977309E-003
  0.222744E+001  0.337867E+001  0.500000E+001  0.976612E-003
  0.223195E+001  0.338809E+001  0.500000E+001  0.975504E-003
  0.223646E+001  0.339749E+001  0.500000E+001  0.974066E-003
  0.224097E+001  0.340688E+001  0.500000E+001  0.972359E-003
  0.224548E+001  0.341625E+001  0.500000E+001  0.970430E-003
  0.224999E+001  0.342560E+001  0.500000E+001  0.968318E-003
  0.225450E+001  0.335863E+001  0.600000E+001  0.659066E-003
