  0.000000E+000  0.000000E+000  0.000000E+000  0.000000E+000
  0.180350E+001  0.237493E+001  0.500000E+001  0.167824E-002
  0.180801E+001  0.238734E+001  0.500000E+001  0.166695E-002
  0.181252E+001  0.239969E+001  0.500000E+001  0.165582E-002
  0.181703E+001  0.241200E+001  0.500000E+001  0.164486E-002
  0.182154E+001  0.242425E+001  0.500000E+001  0.163406E-002
  0.182605E+001  0.243645E+001  0.500000E+001  0.162341E-002
  0.183056E+001  0.244860E+001  0.500000E+001  0.161293E-002
  0.183507E+001  0.246070E+001  0.500000E+001  0.160259E-002
  0.183958E+001  0.247275E+001  0.500000E+001  0.159241E-002
  0.184409E+001  0.248475E+001  0.500000E+001  0.158237E-002
  0.184860E+001  0.249671E+001  0.500000E+001  0.157247E-002
  0.185311E+001  0.250862E+001  0.500000E+001  0.156271E-002
  0.185762E+001  0.252048E+001  0.500000E+001  0.155309E-002
  0.186213E+001  0.253230E+001  0.500000E+001  0.154360E-002
  0.186664E+001  0.254407E+001  0.500000E+001  0.153425E-002
  0.187115E+001  0.255580E+001  0.500000E+001  0.152503E-002
  0.187566E+001  0.256748E+001  0.500000E+001  0.151593E-002
  0.188017E+001  0.257912E+001  0.500000E+001  0.150696E-002
  0.188468E+001  0.259072E+001  0.500000E+001  0.149811E-002
  0.188919E+001  0.260228E+001  0.500000E+001  0.148938E-002
  0.189370E+001  0.261379E+001  0.500000E+001  0.148077E-002
  0.189821E+001  0.262527E+001  0.500000E+001  0.147228E-002
  0.190272E+001  0.263670E+001  0.500000E+001  0.146390E-002
  0.190723E+001  0.264810E+001  0.500000E+001  0.145564E-002
  0.191174E+001  0.265945E+001  0.500000E+001  0.144748E-002
  0.191625E+001  0.267077E+001  0.500000E+001  0.143944E-002
  0.192076E+001  0.268204E+001  0.500000E+001  0.143150E-002
  0.192527E+001  0.269328E+001  0.500000E+001  0.142368E-002
  0.192978E+001  0.270448E+001  0.500000E+001  0.141595E-002
  0.193429E+001  0.271565E+001  0.500000E+001  0.140833E-002
  0.193880E+001  0.272678E+001  0.500000E+001  0.140082E-002
  0.194331E+001  0.273787E+001  0.500000E+001  0.139340E-002
  0.194782E+001  0.274893E+001  0.500000E+001  0.138609E-002
  0.195233E+001  0.275995E+001  0.500000E+001  0.137888E-002
  0.195684E+001  0.277093E+001  0.500000E+001  0.137177E-002
  0.196135E+001  0.278189E+001  0.500000E+001  0.136476E-002
  0.196586E+001  0.279280E+001  0.500000E+001  0.135784E-002
  0.197037E+001  0.280369E+001  0.500000E+001  0.135102E-002
  0.197488E+001  0.281454E+001  0.500000E+001  0.134431E-002
  0.197939E+001  0.282536E+001  0.500000E+001  0.133769E-002
  0.198390E+001  0.283614E+001  0.500000E+001  0.133116E-002
  0.198841E+001  0.284690E+001  0.500000E+001  0.132474E-002
  0.199292E+001  0.285762E+001  0.500000E+001  0.131841E-002
  0.199743E+001  0.286831E+001  0.500000E+001  0.131219E-002
  0.200194E+001  0.287897E+001  0.500000E+001  0.130606E-002
  0.200645E+001  0.288960E+001  0.500000E+001  0.130004E-002
  0.201096E+001  0.290020E+001  0.500000E+001  0.129412E-002
  0.201547E+001  0.291077E+001  0.500000E+001  0.128831E-002
  0.201998E+001  0.292130E+001  0.500000E+001  0.128260E-002
  0.202449E+001  0.293181E+001  0.500000E+001  0.127701E-002
  0.202900E+001  0.294229E+001  0.500000E+001  0.127153E-002
  0.203351E+001  0.295274E+001  0.500000E+001  0.126617E-002
  0.203802E+001  0.296317E+001  0.500000E+001  0.126093E-002
  0.204253E+001  0.297356E+001  0.500000E+001  0.125582E-002
  0.204704E+001  0.298393E+001  0.500000E+001  0.125085E-002
  0.205155E+001  0.299427E+001  0.500000E+001  0.124602E-002
  0.205606E+001  0.300458E+001  0.500000E+001  0.124135E-002
  0.206057E+001  0.301486E+001  0.500000E+001  0.123684E-002
  0.206508E+001  0.302512E+001  0.500000E+001  0.123252E-002
  0.206959E+001  0.303535E+001  0.500000E+001  0.122839E-002
  0.207410E+001  0.304555E+001  0.500000E+001  0.122448E-002
  0.207861E+001  0.305573E+001  0.500000E+001  0.122082E-002
  0.208312E+001  0.306588E+001  0.500000E+001  0.121743E-002
  0.208763E+001  0.307601E+001  0.500000E+001  0.121436E-002
  0.209214E+001  0.308611E+001  0.500000E+001  0.121165E-002
  0.209665E+001  0.309619E+001  0.500000E+001  0.120938E-002
  0.210116E+001  0.310624E+001  0.500000E+001  0.120761E-002
  0.210567E+001  0.311626E+001  0.500000E+001  0.120648E-002
  0.211018E+001  0.312626E+001  0.500000E+001  0.120611E-002
  0.211469E+001  0.313624E+001  0.500000E+001  0.120673E-002
  0.211920E+001  0.314619E+001  0.500000E+001  0.120861E-002
  0.212371E+001  0.315611E+001  0.500000E+001  0.121219E-002
  0.212822E+001  0.316601E+001  0.500000E+001  0.121813E-002
  0.213273E+001  0.317589E+001  0.500000E+001  0.122747E-002
  0.213724E+001  0.318573E+001  0.500000E+001  0.124200E-002
  0.214175E+001  0.319554E+001  0.500000E+001  0.126503E-002
  0.214626E+001  0.320532E+001  0.500000E+001  0.130332E-002
  0.215077E+001  0.321503E+001  0.500000E+001  0.137275E-002
  0.215528E+001  0.322462E+001  0.500000E+001  0.151509E-002
  0.215979E+001  0.323371E+001  0.400000E+001  0.174324E-002
  0.216430E+001  0.324110E+001  0.500000E+001  0.137118E-002
  0.216881E+001  0.324733E+001  0.500000E+001  0.104154E-002
  0.217332E+001  0.325331E+001  0.500000E+001  0.906770E-003
  0.217783E+001  0.325922E+001  0.500000E+001  0.838420E-003
  0.218234E+001  0.326511E+001  0.500000E+001  0.797412E-003
  0.218685E+001  0.327098E+001  0.500000E+001  0.769969E-003
  0.219136E+001  0.327685E+001  0.500000E+001  0.750176E-003
  0.219587E+001  0.328270E+001  0.500000E+001  0.735106E-003
  0.220038E+001  0.328856E+001  0.500000E+001  0.723149E-003
  0.220489E+001  0.329441E+001  0.500000E+001  0.713352E-003
  0.220940E+001  0.330026E+001  0.500000E+001  0.705114E-003
  0.221391E+001  0.330610E+001  0.500000E+001  0.698039E-003
  0.221842E+001  0.331195E+001  0.500000E+001  0.691855E-003
  0.222293E+001  0.331779E+001  0.500000E+001  0.686367E-003
  0.222744E+001  0.332363E+001  0.500000E+001  0.681435E-003
  0.223195E+001  0.332947E+001  0.500000E+001  0.676955E-003
  0.223646E+001  0.333530E+001  0.500000E+001  0.672846E-003
  0.224097E+001  0.334114E+001  0.500000E+001  0.669046E-003
  0.224548E+001  0.334697E+001  0.500000E+001  0.665508E-003
  0.224999E+001  0.335280E+001  0.500000E+001  0.662191E-003
  0.225450E+001  0.295046E+001  0.600000E+001  0.311176E-003
