  0.000000E+000  0.000000E+000  0.000000E+000  0.000000E+000
  0.180350E+001  0.286285E+001  0.500000E+001  0.107177E-002
  0.180801E+001  0.287087E+001  0.500000E+001  0.106723E-002
  0.181252E+001  0.287887E+001  0.500000E+001  0.106274E-002
  0.181703E+001  0.288686E+001  0.500000E+001  0.105828E-002
  0.182154E+001  0.289484E+001  0.500000E+001  0.105386E-002
  0.182605E+001  0.290281E+001  0.500000E+001  0.104947E-002
  0.183056E+001  0.291076E+001  0.500000E+001  0.104512E-002
  0.183507E+001  0.291870E+001  0.500000E+001  0.104081E-002
  0.183958E+001  0.292662E+001  0.500000E+001  0.103653E-002
  0.184409E+001  0.293453E+001  0.500000E+001  0.103229E-002
  0.184860E+001  0.294243E+001  0.500000E+001  0.102808E-002
  0.185311E+001  0.295032E+001  0.500000E+001  0.102390E-002
  0.185762E+001  0.295819E+001  0.500000E+001  0.101976E-002
  0.186213E+001  0.296605E+001  0.500000E+001  0.101565E-002
  0.186664E+001  0.297390E+001  0.500000E+001  0.101158E-002
  0.187115E+001  0.298174E+001  0.500000E+001  0.100753E-002
  0.187566E+001  0.298956E+001  0.500000E+001  0.100352E-002
  0.188017E+001  0.299737E+001  0.500000E+001  0.999539E-003
  0.188468E+001  0.300517E+001  0.500000E+001  0.995589E-003
  0.188919E+001  0.301296E+001  0.500000E+001  0.991671E-003
  0.189370E+001  0.302073E+001  0.500000E+001  0.987783E-003
  0.189821E+001  0.302850E+001  0.500000E+001  0.983925E-003
  0.190272E+001  0.303625E+001  0.500000E+001  0.980096E-003
  0.190723E+001  0.304399E+001  0.500000E+001  0.976297E-003
  0.191174E+001  0.305172E+001  0.500000E+001  0.972528E-003
  0.191625E+001  0.305943E+001  0.500000E+001  0.968787E-003
  0.192076E+001  0.306714E+001  0.500000E+001  0.965074E-003
  0.192527E+001  0.307483E+001  0.500000E+001  0.961389E-003
  0.192978E+001  0.308252E+001  0.500000E+001  0.957732E-003
  0.193429E+001  0.309019E+001  0.500000E+001  0.954103E-003
  0.193880E+001  0.309785E+001  0.500000E+001  0.950501E-003
  0.194331E+001  0.310550E+001  0.500000E+001  0.946925E-003
  0.194782E+001  0.311314E+001  0.500000E+001  0.943376E-003
  0.195233E+001  0.312077E+001  0.500000E+001  0.939854E-003
  0.195684E+001  0.312838E+001  0.500000E+001  0.936357E-003
  0.196135E+001  0.313599E+001  0.500000E+001  0.932886E-003
  0.196586E+001  0.314359E+001  0.500000E+001  0.929440E-003
  0.197037E+001  0.315117E+001  0.500000E+001  0.926020E-003
  0.197488E+001  0.315875E+001  0.500000E+001  0.922624E-003
  0.197939E+001  0.316631E+001  0.500000E+001  0.919253E-003
  0.198390E+001  0.317387E+001  0.500000E+001  0.915906E-003
  0.198841E+001  0.318141E+001  0.500000E+001  0.912583E-003
  0.199292E+001  0.318895E+001  0.500000E+001  0.909285E-003
  0.199743E+001  0.319647E+001  0.500000E+001  0.906009E-003
  0.200194E+001  0.320399E+001  0.500000E+001  0.902757E-003
  0.200645E+001  0.321149E+001  0.500000E+001  0.899528E-003
  0.201096E+001  0.321899E+001  0.500000E+001  0.896321E-003
  0.201547E+001  0.322647E+001  0.500000E+001  0.893138E-003
  0.201998E+001  0.323395E+001  0.500000E+001  0.889976E-003
  0.202449E+001  0.324142E+001  0.500000E+001  0.886837E-003
  0.202900E+001  0.324887E+001  0.500000E+001  0.883719E-003
  0.203351E+001  0.325632E+001  0.500000E+001  0.880623E-003
  0.203802E+001  0.326376E+001  0.500000E+001  0.877549E-003
  0.204253E+001  0.327119E+001  0.500000E+001  0.874495E-003
  0.204704E+001  0.327861E+001  0.500000E+001  0.871463E-003
  0.205155E+001  0.328602E+001  0.500000E+001  0.868451E-003
  0.205606E+001  0.329342E+001  0.500000E+001  0.865460E-003
  0.206057E+001  0.330081E+001  0.500000E+001  0.862489E-003
  0.206508E+001  0.330819E+001  0.500000E+001  0.859539E-003
  0.206959E+001  0.331557E+001  0.500000E+001  0.856608E-003
  0.207410E+001  0.332293E+001  0.500000E+001  0.853697E-003
  0.207861E+001  0.333029E+001  0.500000E+001  0.850805E-003
  0.208312E+001  0.333763E+001  0.500000E+001  0.847933E-003
  0.208763E+001  0.334497E+001  0.500000E+001  0.845080E-003
  0.209214E+001  0.335230E+001  0.500000E+001  0.842245E-003
  0.209665E+001  0.335963E+001  0.500000E+001  0.839430E-003
  0.210116E+001  0.336694E+001  0.500000E+001  0.836633E-003
  0.210567E+001  0.337424E+001  0.500000E+001  0.833854E-003
  0.211018E+001  0.338154E+001  0.500000E+001  0.831094E-003
  0.211469E+001  0.338883E+001  0.500000E+001  0.828351E-003
  0.211920E+001  0.339611E+001  0.500000E+001  0.825627E-003
  0.212371E+001  0.340338E+001  0.500000E+001  0.822920E-003
  0.212822E+001  0.341064E+001  0.500000E+001  0.820231E-003
  0.213273E+001  0.341790E+001  0.500000E+001  0.817559E-003
  0.213724E+001  0.342514E+001  0.500000E+001  0.814904E-003
  0.214175E+001  0.343238E+001  0.500000E+001  0.812266E-003
  0.214626E+001  0.343961E+001  0.500000E+001  0.809644E-003
  0.215077E+001  0.344684E+001  0.500000E+001  0.807040E-003
  0.215528E+001  0.345405E+001  0.500000E+001  0.804452E-003
  0.216430E+001  0.346846E+001  0.500000E+001  0.799325E-003
  0.216881E+001  0.347565E+001  0.500000E+001  0.796785E-003
  0.217332E+001  0.348283E+001  0.500000E+001  0.794262E-003
  0.217783E+001  0.349001E+001  0.500000E+001  0.791754E-003
  0.218234E+001  0.349718E+001  0.500000E+001  0.789262E-003
  0.218685E+001  0.350434E+001  0.500000E+001  0.786785E-003
  0.219136E+001  0.351149E+001  0.500000E+001  0.784323E-003
  0.219587E+001  0.351864E+001  0.500000E+001  0.781877E-003
  0.220038E+001  0.352578E+001  0.500000E+001  0.779445E-003
  0.220489E+001  0.353291E+001  0.500000E+001  0.777029E-003
  0.220940E+001  0.354004E+001  0.500000E+001  0.774627E-003
  0.221391E+001  0.354715E+001  0.500000E+001  0.772240E-003
  0.221842E+001  0.355427E+001  0.500000E+001  0.769867E-003
  0.222293E+001  0.356137E+001  0.500000E+001  0.767508E-003
  0.222744E+001  0.356846E+001  0.500000E+001  0.765164E-003
  0.223195E+001  0.357555E+001  0.500000E+001  0.762834E-003
  0.223646E+001  0.358264E+001  0.500000E+001  0.760518E-003
  0.224097E+001  0.358971E+001  0.500000E+001  0.758215E-003
  0.224548E+001  0.359678E+001  0.500000E+001  0.755926E-003
  0.224999E+001  0.360384E+001  0.500000E+001  0.753651E-003
  0.225450E+001  0.343493E+001  0.600000E+001  0.966054E-003
