  0.000000E+000  0.000000E+000
  0.450800E+000  0.586586E+000
  0.452252E+000  0.731613E-001
  0.453704E+000  0.105380E+000
  0.455156E+000  0.129873E+000
  0.456608E+000  0.150455E+000
  0.458060E+000  0.168564E+000
  0.459512E+000  0.184926E+000
  0.460964E+000  0.199969E+000
  0.462416E+000  0.213973E+000
  0.463868E+000  0.227129E+000
  0.465320E+000  0.239577E+000
  0.466772E+000  0.251421E+000
  0.468224E+000  0.262744E+000
  0.469676E+000  0.273609E+000
  0.471128E+000  0.284070E+000
  0.472580E+000  0.294170E+000
  0.474032E+000  0.303944E+000
  0.475484E+000  0.313422E+000
  0.476936E+000  0.322632E+000
  0.478388E+000  0.331595E+000
  0.479840E+000  0.340331E+000
  0.481292E+000  0.348856E+000
  0.482744E+000  0.357187E+000
  0.484196E+000  0.365335E+000
  0.485648E+000  0.373314E+000
  0.487100E+000  0.381133E+000
  0.488552E+000  0.388802E+000
  0.490004E+000  0.396331E+000
  0.491456E+000  0.403726E+000
  0.492908E+000  0.410995E+000
  0.494360E+000  0.418145E+000
  0.495812E+000  0.425181E+000
  0.497264E+000  0.432110E+000
  0.498716E+000  0.438935E+000
  0.500168E+000  0.445663E+000
  0.501620E+000  0.452297E+000
  0.503072E+000  0.458841E+000
  0.504524E+000  0.465299E+000
  0.505976E+000  0.471675E+000
  0.507428E+000  0.477972E+000
  0.508880E+000  0.484193E+000
  0.510332E+000  0.490340E+000
  0.511784E+000  0.496417E+000
  0.513236E+000  0.502427E+000
  0.514688E+000  0.508371E+000
  0.516140E+000  0.514251E+000
  0.517592E+000  0.520071E+000
  0.519044E+000  0.525831E+000
  0.520496E+000  0.531534E+000
  0.521948E+000  0.537182E+000
  0.523400E+000  0.542777E+000
  0.524852E+000  0.548319E+000
  0.526304E+000  0.553811E+000
  0.527756E+000  0.559254E+000
  0.529208E+000  0.564649E+000
  0.530660E+000  0.569999E+000
  0.532112E+000  0.575303E+000
  0.533564E+000  0.580563E+000
  0.535016E+000  0.585781E+000
  0.536468E+000  0.590958E+000
  0.537920E+000  0.596094E+000
  0.539372E+000  0.601191E+000
  0.540824E+000  0.606250E+000
  0.542276E+000  0.611271E+000
  0.543728E+000  0.616256E+000
  0.545180E+000  0.621206E+000
  0.546632E+000  0.626120E+000
  0.548084E+000  0.631001E+000
  0.549536E+000  0.635848E+000
  0.550988E+000  0.640663E+000
  0.552440E+000  0.645446E+000
  0.553892E+000  0.650199E+000
  0.555344E+000  0.654921E+000
  0.556796E+000  0.659613E+000
  0.558248E+000  0.664276E+000
  0.559700E+000  0.668911E+000
  0.561152E+000  0.673518E+000
  0.562604E+000  0.678097E+000
  0.564056E+000  0.682650E+000
  0.565508E+000  0.687176E+000
  0.566960E+000  0.691677E+000
  0.568412E+000  0.696153E+000
  0.569864E+000  0.700604E+000
  0.571316E+000  0.705030E+000
  0.572768E+000  0.709433E+000
  0.574220E+000  0.713812E+000
  0.575672E+000  0.718168E+000
  0.577124E+000  0.722502E+000
  0.578576E+000  0.726814E+000
  0.580028E+000  0.731104E+000
  0.581480E+000  0.735372E+000
  0.582932E+000  0.739620E+000
  0.584384E+000  0.743846E+000
  0.585836E+000  0.748053E+000
  0.587288E+000  0.752239E+000
  0.588740E+000  0.756406E+000
  0.590192E+000  0.760553E+000
  0.591644E+000  0.764682E+000
  0.593096E+000  0.768791E+000
  0.594548E+000  0.772883E+000
  0.596000E+000  0.776956E+000
