  0.000000E+000  0.000000E+000
  0.452252E+000  0.588489E+000
  0.453704E+000  0.590392E+000
  0.455156E+000  0.592295E+000
  0.456608E+000  0.594199E+000
  0.458060E+000  0.596102E+000
  0.459512E+000  0.598005E+000
  0.460964E+000  0.599908E+000
  0.462416E+000  0.601811E+000
  0.463868E+000  0.603714E+000
  0.465320E+000  0.605617E+000
  0.466772E+000  0.607520E+000
  0.468224E+000  0.609423E+000
  0.469676E+000  0.611326E+000
  0.471128E+000  0.613230E+000
  0.472580E+000  0.615133E+000
  0.474032E+000  0.617036E+000
  0.475484E+000  0.618939E+000
  0.476936E+000  0.620842E+000
  0.478388E+000  0.622745E+000
  0.479840E+000  0.624648E+000
  0.481292E+000  0.626551E+000
  0.482744E+000  0.628454E+000
  0.484196E+000  0.630357E+000
  0.485648E+000  0.632260E+000
  0.487100E+000  0.634164E+000
  0.488552E+000  0.636067E+000
  0.490004E+000  0.637970E+000
  0.491456E+000  0.639873E+000
  0.492908E+000  0.641776E+000
  0.494360E+000  0.643679E+000
  0.495812E+000  0.645582E+000
  0.497264E+000  0.647485E+000
  0.498716E+000  0.649388E+000
  0.500168E+000  0.651291E+000
  0.501620E+000  0.653194E+000
  0.503072E+000  0.655097E+000
  0.504524E+000  0.657000E+000
  0.505976E+000  0.658903E+000
  0.507428E+000  0.660807E+000
  0.508880E+000  0.662710E+000
  0.510332E+000  0.664613E+000
  0.511784E+000  0.666516E+000
  0.513236E+000  0.668419E+000
  0.514688E+000  0.670322E+000
  0.516140E+000  0.672225E+000
  0.517592E+000  0.674128E+000
  0.519044E+000  0.676031E+000
  0.520496E+000  0.677934E+000
  0.521948E+000  0.679837E+000
  0.523400E+000  0.681740E+000
  0.524852E+000  0.683643E+000
  0.526304E+000  0.685546E+000
  0.527756E+000  0.687449E+000
  0.529208E+000  0.689352E+000
  0.530660E+000  0.691255E+000
  0.532112E+000  0.693159E+000
  0.533564E+000  0.695062E+000
  0.535016E+000  0.696965E+000
  0.536468E+000  0.698868E+000
  0.537920E+000  0.700771E+000
  0.539372E+000  0.702674E+000
  0.540824E+000  0.704577E+000
  0.542276E+000  0.706480E+000
  0.543728E+000  0.708383E+000
  0.545180E+000  0.710286E+000
  0.546632E+000  0.712189E+000
  0.548084E+000  0.714092E+000
  0.549536E+000  0.715995E+000
  0.550988E+000  0.717898E+000
  0.552440E+000  0.719801E+000
  0.553892E+000  0.721704E+000
  0.555344E+000  0.723607E+000
  0.556796E+000  0.725510E+000
  0.558248E+000  0.727413E+000
  0.559700E+000  0.729316E+000
  0.561152E+000  0.731219E+000
  0.562604E+000  0.733122E+000
  0.564056E+000  0.735025E+000
  0.565508E+000  0.736928E+000
  0.566960E+000  0.738831E+000
  0.568412E+000  0.740734E+000
  0.569864E+000  0.742638E+000
  0.571316E+000  0.744541E+000
  0.572768E+000  0.746444E+000
  0.574220E+000  0.748347E+000
  0.575672E+000  0.750250E+000
  0.577124E+000  0.752153E+000
  0.578576E+000  0.754056E+000
  0.580028E+000  0.755959E+000
  0.581480E+000  0.757862E+000
  0.582932E+000  0.759765E+000
  0.584384E+000  0.761668E+000
  0.585836E+000  0.763571E+000
  0.587288E+000  0.765474E+000
  0.588740E+000  0.767377E+000
  0.590192E+000  0.769280E+000
  0.591644E+000  0.771183E+000
  0.593096E+000  0.773086E+000
  0.594548E+000  0.774989E+000
