  0.000000E+000  0.000000E+000  0.000000E+000  0.000000E+000
  0.901900E+000  0.117780E+001  0.400000E+001  0.785455E-003
  0.906408E+000  0.143914E+001  0.300000E+001  0.213677E-002
  0.910916E+000  0.144712E+001  0.300000E+001  0.211894E-002
  0.915424E+000  0.145507E+001  0.300000E+001  0.210140E-002
  0.919932E+000  0.146299E+001  0.300000E+001  0.208415E-002
  0.924440E+000  0.147088E+001  0.300000E+001  0.206718E-002
  0.928948E+000  0.147876E+001  0.300000E+001  0.205049E-002
  0.933456E+000  0.148660E+001  0.300000E+001  0.203406E-002
  0.937964E+000  0.149442E+001  0.300000E+001  0.201790E-002
  0.942472E+000  0.150222E+001  0.300000E+001  0.200199E-002
  0.946980E+000  0.150999E+001  0.300000E+001  0.198632E-002
  0.951488E+000  0.151774E+001  0.300000E+001  0.197090E-002
  0.955996E+000  0.152547E+001  0.300000E+001  0.195572E-002
  0.960504E+000  0.153317E+001  0.300000E+001  0.194077E-002
  0.965012E+000  0.154085E+001  0.300000E+001  0.192605E-002
  0.969520E+000  0.154851E+001  0.300000E+001  0.191155E-002
  0.974028E+000  0.155614E+001  0.300000E+001  0.189726E-002
  0.978536E+000  0.156376E+001  0.300000E+001  0.188319E-002
  0.983044E+000  0.157135E+001  0.300000E+001  0.186932E-002
  0.987552E+000  0.157892E+001  0.300000E+001  0.185566E-002
  0.992060E+000  0.158647E+001  0.300000E+001  0.184220E-002
  0.996568E+000  0.159401E+001  0.300000E+001  0.182893E-002
  0.100108E+001  0.160152E+001  0.300000E+001  0.181585E-002
  0.100558E+001  0.160901E+001  0.300000E+001  0.180295E-002
  0.101009E+001  0.161648E+001  0.300000E+001  0.179024E-002
  0.101460E+001  0.162393E+001  0.300000E+001  0.177771E-002
  0.101911E+001  0.163137E+001  0.300000E+001  0.176535E-002
  0.102362E+001  0.163878E+001  0.300000E+001  0.175316E-002
  0.102812E+001  0.164618E+001  0.300000E+001  0.174114E-002
  0.103263E+001  0.165356E+001  0.300000E+001  0.172928E-002
  0.103714E+001  0.166092E+001  0.300000E+001  0.171759E-002
  0.104165E+001  0.166827E+001  0.300000E+001  0.170605E-002
  0.104616E+001  0.167559E+001  0.300000E+001  0.169466E-002
  0.105066E+001  0.168290E+001  0.300000E+001  0.168343E-002
  0.105517E+001  0.169019E+001  0.300000E+001  0.167235E-002
  0.105968E+001  0.169747E+001  0.300000E+001  0.166141E-002
  0.106419E+001  0.170473E+001  0.300000E+001  0.165061E-002
  0.106870E+001  0.171197E+001  0.300000E+001  0.163996E-002
  0.107320E+001  0.171920E+001  0.300000E+001  0.162944E-002
  0.107771E+001  0.172641E+001  0.300000E+001  0.161906E-002
  0.108222E+001  0.173360E+001  0.300000E+001  0.160881E-002
  0.108673E+001  0.174078E+001  0.300000E+001  0.159868E-002
  0.109124E+001  0.174795E+001  0.300000E+001  0.158869E-002
  0.109574E+001  0.175510E+001  0.300000E+001  0.157882E-002
  0.110025E+001  0.176223E+001  0.300000E+001  0.156907E-002
  0.110476E+001  0.176935E+001  0.300000E+001  0.155945E-002
  0.110927E+001  0.177646E+001  0.300000E+001  0.154994E-002
  0.111378E+001  0.178355E+001  0.300000E+001  0.154055E-002
  0.111828E+001  0.179063E+001  0.300000E+001  0.153127E-002
  0.112279E+001  0.179769E+001  0.300000E+001  0.152210E-002
  0.112730E+001  0.180474E+001  0.300000E+001  0.151305E-002
  0.113181E+001  0.181178E+001  0.300000E+001  0.150410E-002
  0.113632E+001  0.181880E+001  0.300000E+001  0.149525E-002
  0.114082E+001  0.182581E+001  0.300000E+001  0.148652E-002
  0.114533E+001  0.183281E+001  0.300000E+001  0.147788E-002
  0.114984E+001  0.183979E+001  0.300000E+001  0.146935E-002
  0.115435E+001  0.184676E+001  0.300000E+001  0.146091E-002
  0.115886E+001  0.185372E+001  0.300000E+001  0.145257E-002
  0.116336E+001  0.186067E+001  0.300000E+001  0.144433E-002
  0.116787E+001  0.186760E+001  0.300000E+001  0.143618E-002
  0.117238E+001  0.187452E+001  0.300000E+001  0.142812E-002
  0.117689E+001  0.188143E+001  0.300000E+001  0.142016E-002
  0.118140E+001  0.188833E+001  0.300000E+001  0.141228E-002
  0.118590E+001  0.189522E+001  0.300000E+001  0.140449E-002
  0.119041E+001  0.190209E+001  0.300000E+001  0.139679E-002
  0.119492E+001  0.190895E+001  0.300000E+001  0.138917E-002
  0.119943E+001  0.191580E+001  0.300000E+001  0.138164E-002
  0.120394E+001  0.192264E+001  0.300000E+001  0.137418E-002
  0.120844E+001  0.192947E+001  0.300000E+001  0.136681E-002
  0.121295E+001  0.193629E+001  0.300000E+001  0.135952E-002
  0.121746E+001  0.194310E+001  0.300000E+001  0.135231E-002
  0.122197E+001  0.194990E+001  0.300000E+001  0.134517E-002
  0.122648E+001  0.195668E+001  0.300000E+001  0.133811E-002
  0.123098E+001  0.196346E+001  0.300000E+001  0.133113E-002
  0.123549E+001  0.197022E+001  0.300000E+001  0.132422E-002
  0.124000E+001  0.197698E+001  0.300000E+001  0.131738E-002
  0.124451E+001  0.198372E+001  0.300000E+001  0.131061E-002
  0.124902E+001  0.199046E+001  0.300000E+001  0.130391E-002
  0.125352E+001  0.199718E+001  0.300000E+001  0.129728E-002
  0.125803E+001  0.200390E+001  0.300000E+001  0.129072E-002
  0.126254E+001  0.201060E+001  0.300000E+001  0.128423E-002
  0.126705E+001  0.201730E+001  0.300000E+001  0.127780E-002
  0.127156E+001  0.202399E+001  0.300000E+001  0.127144E-002
  0.127606E+001  0.203066E+001  0.300000E+001  0.126514E-002
  0.128057E+001  0.203733E+001  0.300000E+001  0.125890E-002
  0.128508E+001  0.204399E+001  0.300000E+001  0.125273E-002
  0.128959E+001  0.205064E+001  0.300000E+001  0.124662E-002
  0.129410E+001  0.205728E+001  0.300000E+001  0.124057E-002
  0.129860E+001  0.206391E+001  0.300000E+001  0.123457E-002
  0.130311E+001  0.207054E+001  0.300000E+001  0.122864E-002
  0.130762E+001  0.207715E+001  0.300000E+001  0.122276E-002
  0.131213E+001  0.208376E+001  0.300000E+001  0.121694E-002
  0.131664E+001  0.209035E+001  0.300000E+001  0.121118E-002
  0.132114E+001  0.209694E+001  0.300000E+001  0.120547E-002
  0.132565E+001  0.210352E+001  0.300000E+001  0.119982E-002
  0.133016E+001  0.211010E+001  0.300000E+001  0.119422E-002
  0.133467E+001  0.211666E+001  0.300000E+001  0.118867E-002
  0.133918E+001  0.212322E+001  0.300000E+001  0.118318E-002
  0.134368E+001  0.212976E+001  0.300000E+001  0.117773E-002
  0.134819E+001  0.213630E+001  0.300000E+001  0.117234E-002
  0.135270E+001  0.196141E+001  0.400000E+001  0.185815E-002
