  0.000000E+000  0.000000E+000  0.000000E+000  0.000000E+000
  0.901900E+000  0.109025E-001  0.400000E+001  0.976710E-003
  0.906408E+000  0.191259E+000  0.300000E+001  0.250520E-001
  0.910916E+000  0.269063E+000  0.300000E+001  0.177565E-001
  0.915424E+000  0.329053E+000  0.300000E+001  0.144746E-001
  0.919932E+000  0.379762E+000  0.300000E+001  0.125025E-001
  0.924440E+000  0.424527E+000  0.300000E+001  0.111490E-001
  0.928948E+000  0.465066E+000  0.300000E+001  0.101451E-001
  0.933456E+000  0.502403E+000  0.300000E+001  0.936156E-002
  0.937964E+000  0.537206E+000  0.300000E+001  0.872762E-002
  0.942472E+000  0.569938E+000  0.300000E+001  0.820067E-002
  0.946980E+000  0.600937E+000  0.300000E+001  0.775343E-002
  0.951488E+000  0.630460E+000  0.300000E+001  0.736746E-002
  0.955996E+000  0.658704E+000  0.300000E+001  0.702981E-002
  0.960504E+000  0.685827E+000  0.300000E+001  0.673108E-002
  0.965012E+000  0.711958E+000  0.300000E+001  0.646425E-002
  0.969520E+000  0.737201E+000  0.300000E+001  0.622395E-002
  0.974028E+000  0.761645E+000  0.300000E+001  0.600602E-002
  0.978536E+000  0.785364E+000  0.300000E+001  0.580715E-002
  0.983044E+000  0.808423E+000  0.300000E+001  0.562468E-002
  0.987552E+000  0.830875E+000  0.300000E+001  0.545646E-002
  0.992060E+000  0.852769E+000  0.300000E+001  0.530070E-002
  0.996568E+000  0.874146E+000  0.300000E+001  0.515592E-002
  0.100108E+001  0.895044E+000  0.300000E+001  0.502088E-002
  0.100558E+001  0.915495E+000  0.300000E+001  0.489453E-002
  0.101009E+001  0.935528E+000  0.300000E+001  0.477596E-002
  0.101460E+001  0.955171E+000  0.300000E+001  0.466440E-002
  0.101911E+001  0.974445E+000  0.300000E+001  0.455919E-002
  0.102362E+001  0.993373E+000  0.300000E+001  0.445974E-002
  0.102812E+001  0.101197E+001  0.300000E+001  0.436555E-002
  0.103263E+001  0.103027E+001  0.300000E+001  0.427616E-002
  0.103714E+001  0.104826E+001  0.300000E+001  0.419120E-002
  0.104165E+001  0.106598E+001  0.300000E+001  0.411030E-002
  0.104616E+001  0.108344E+001  0.300000E+001  0.403316E-002
  0.105066E+001  0.110064E+001  0.300000E+001  0.395951E-002
  0.105517E+001  0.111760E+001  0.300000E+001  0.388908E-002
  0.105968E+001  0.113433E+001  0.300000E+001  0.382166E-002
  0.106419E+001  0.115085E+001  0.300000E+001  0.375706E-002
  0.106870E+001  0.116715E+001  0.300000E+001  0.369509E-002
  0.107320E+001  0.118325E+001  0.300000E+001  0.363558E-002
  0.107771E+001  0.119915E+001  0.300000E+001  0.357840E-002
  0.108222E+001  0.121487E+001  0.300000E+001  0.352340E-002
  0.108673E+001  0.123041E+001  0.300000E+001  0.347047E-002
  0.109124E+001  0.124578E+001  0.300000E+001  0.341950E-002
  0.109574E+001  0.126098E+001  0.300000E+001  0.337039E-002
  0.110025E+001  0.127602E+001  0.300000E+001  0.332306E-002
  0.110476E+001  0.129090E+001  0.300000E+001  0.327742E-002
  0.110927E+001  0.130564E+001  0.300000E+001  0.323342E-002
  0.111378E+001  0.132023E+001  0.300000E+001  0.319100E-002
  0.111828E+001  0.133468E+001  0.300000E+001  0.315011E-002
  0.112279E+001  0.134899E+001  0.300000E+001  0.311072E-002
  0.112730E+001  0.136318E+001  0.300000E+001  0.307280E-002
  0.113181E+001  0.137723E+001  0.300000E+001  0.303637E-002
  0.113632E+001  0.139117E+001  0.300000E+001  0.300142E-002
  0.114082E+001  0.140498E+001  0.300000E+001  0.296801E-002
  0.114533E+001  0.141868E+001  0.300000E+001  0.293622E-002
  0.114984E+001  0.143226E+001  0.300000E+001  0.290619E-002
  0.115435E+001  0.144573E+001  0.300000E+001  0.287814E-002
  0.115886E+001  0.145910E+001  0.300000E+001  0.285241E-002
  0.116336E+001  0.147235E+001  0.300000E+001  0.282959E-002
  0.116787E+001  0.148551E+001  0.300000E+001  0.281063E-002
  0.117238E+001  0.149857E+001  0.300000E+001  0.279730E-002
  0.117689E+001  0.151152E+001  0.300000E+001  0.279305E-002
  0.118140E+001  0.152437E+001  0.300000E+001  0.280567E-002
  0.118590E+001  0.153710E+001  0.300000E+001  0.285651E-002
  0.119041E+001  0.154962E+001  0.300000E+001  0.302050E-002
  0.119492E+001  0.156070E+001  0.300000E+001  0.252715E-002
  0.119943E+001  0.156746E+001  0.300000E+001  0.111178E-002
  0.120394E+001  0.157349E+001  0.300000E+001  0.862647E-003
  0.120844E+001  0.157944E+001  0.300000E+001  0.771873E-003
  0.121295E+001  0.158538E+001  0.300000E+001  0.724772E-003
  0.121746E+001  0.159130E+001  0.300000E+001  0.695543E-003
  0.122197E+001  0.159722E+001  0.300000E+001  0.675325E-003
  0.122648E+001  0.160313E+001  0.300000E+001  0.660278E-003
  0.123098E+001  0.160904E+001  0.300000E+001  0.648471E-003
  0.123549E+001  0.161496E+001  0.300000E+001  0.638831E-003
  0.124000E+001  0.162087E+001  0.300000E+001  0.630712E-003
  0.124451E+001  0.162678E+001  0.300000E+001  0.623701E-003
  0.124902E+001  0.163269E+001  0.300000E+001  0.617527E-003
  0.125352E+001  0.163860E+001  0.300000E+001  0.611999E-003
  0.125803E+001  0.164451E+001  0.300000E+001  0.606980E-003
  0.126254E+001  0.165042E+001  0.300000E+001  0.602373E-003
  0.126705E+001  0.165633E+001  0.300000E+001  0.598102E-003
  0.127156E+001  0.166224E+001  0.300000E+001  0.594110E-003
  0.127606E+001  0.166815E+001  0.300000E+001  0.590353E-003
  0.128057E+001  0.167405E+001  0.300000E+001  0.586796E-003
  0.128508E+001  0.167996E+001  0.300000E+001  0.583410E-003
  0.128959E+001  0.168587E+001  0.300000E+001  0.580174E-003
  0.129410E+001  0.169178E+001  0.300000E+001  0.577068E-003
  0.129860E+001  0.169769E+001  0.300000E+001  0.574077E-003
  0.130311E+001  0.170360E+001  0.300000E+001  0.571188E-003
  0.130762E+001  0.170951E+001  0.300000E+001  0.568390E-003
  0.131213E+001  0.171542E+001  0.300000E+001  0.565675E-003
  0.131664E+001  0.172132E+001  0.300000E+001  0.563034E-003
  0.132114E+001  0.172723E+001  0.300000E+001  0.560460E-003
  0.132565E+001  0.173314E+001  0.300000E+001  0.557948E-003
  0.133016E+001  0.173905E+001  0.300000E+001  0.555493E-003
  0.133467E+001  0.174496E+001  0.300000E+001  0.553090E-003
  0.133918E+001  0.175087E+001  0.300000E+001  0.550736E-003
  0.134368E+001  0.175677E+001  0.300000E+001  0.548426E-003
  0.134819E+001  0.176268E+001  0.300000E+001  0.546159E-003
  0.135270E+001  0.140725E-001  0.400000E+001  0.336184E+000
