  0.000000E+000  0.000000E+000
  0.161660E+001  0.251665E+001
  0.161840E+001  0.252013E+001
  0.162020E+001  0.252361E+001
  0.162200E+001  0.252708E+001
  0.162380E+001  0.253055E+001
  0.162560E+001  0.253402E+001
  0.162740E+001  0.253749E+001
  0.162920E+001  0.254095E+001
  0.163100E+001  0.254441E+001
  0.163280E+001  0.254786E+001
  0.163460E+001  0.255132E+001
  0.163640E+001  0.255477E+001
  0.163820E+001  0.255821E+001
  0.164000E+001  0.256166E+001
  0.164180E+001  0.256510E+001
  0.164360E+001  0.256853E+001
  0.164540E+001  0.257197E+001
  0.164720E+001  0.257540E+001
  0.164900E+001  0.257883E+001
  0.165080E+001  0.258225E+001
  0.165260E+001  0.258567E+001
  0.165440E+001  0.258909E+001
  0.165620E+001  0.259251E+001
  0.165800E+001  0.259592E+001
  0.165980E+001  0.259933E+001
  0.166160E+001  0.260274E+001
  0.166340E+001  0.260614E+001
  0.166520E+001  0.260954E+001
  0.166700E+001  0.261294E+001
  0.166880E+001  0.261633E+001
  0.167060E+001  0.261973E+001
  0.167240E+001  0.262312E+001
  0.167420E+001  0.262650E+001
  0.167600E+001  0.262989E+001
  0.167780E+001  0.263327E+001
  0.167960E+001  0.263664E+001
  0.168140E+001  0.264002E+001
  0.168320E+001  0.264339E+001
  0.168500E+001  0.264676E+001
  0.168680E+001  0.265013E+001
  0.168860E+001  0.265349E+001
  0.169040E+001  0.265685E+001
  0.169220E+001  0.266021E+001
  0.169400E+001  0.266356E+001
  0.169580E+001  0.266692E+001
  0.169760E+001  0.267027E+001
  0.169940E+001  0.267361E+001
  0.170120E+001  0.267696E+001
  0.170300E+001  0.268030E+001
  0.170480E+001  0.268364E+001
  0.170660E+001  0.268697E+001
  0.170840E+001  0.269031E+001
  0.171020E+001  0.269364E+001
  0.171200E+001  0.269697E+001
  0.171380E+001  0.270029E+001
  0.171560E+001  0.270362E+001
  0.171740E+001  0.270694E+001
  0.171920E+001  0.271025E+001
  0.172100E+001  0.271357E+001
  0.172280E+001  0.271688E+001
  0.172460E+001  0.272019E+001
  0.172640E+001  0.272350E+001
  0.172820E+001  0.272680E+001
  0.173000E+001  0.273010E+001
  0.173180E+001  0.273340E+001
  0.173360E+001  0.273670E+001
  0.173540E+001  0.273999E+001
  0.173720E+001  0.274329E+001
  0.173900E+001  0.274658E+001
  0.174080E+001  0.274986E+001
  0.174260E+001  0.275315E+001
  0.174440E+001  0.275643E+001
  0.174620E+001  0.275971E+001
  0.174800E+001  0.276298E+001
  0.174980E+001  0.276626E+001
  0.175160E+001  0.276953E+001
  0.175340E+001  0.277280E+001
  0.175520E+001  0.277607E+001
  0.175700E+001  0.277933E+001
  0.175880E+001  0.278259E+001
  0.176060E+001  0.278585E+001
  0.176240E+001  0.278911E+001
  0.176420E+001  0.279237E+001
  0.176600E+001  0.279562E+001
  0.176780E+001  0.279887E+001
  0.176960E+001  0.280212E+001
  0.177140E+001  0.280536E+001
  0.177320E+001  0.280860E+001
  0.177500E+001  0.281184E+001
  0.177680E+001  0.281508E+001
  0.177860E+001  0.281832E+001
  0.178040E+001  0.282155E+001
  0.178220E+001  0.282478E+001
  0.178400E+001  0.282801E+001
  0.178580E+001  0.283124E+001
  0.178760E+001  0.283446E+001
  0.178940E+001  0.283769E+001
