  0.000000E+000  0.000000E+000
  0.596000E+000  0.776956E+000
  0.599059E+000  0.780901E+000
  0.602118E+000  0.784910E+000
  0.605177E+000  0.788920E+000
  0.608236E+000  0.792929E+000
  0.611295E+000  0.796938E+000
  0.614354E+000  0.800947E+000
  0.617413E+000  0.804956E+000
  0.620472E+000  0.808965E+000
  0.623531E+000  0.812975E+000
  0.626590E+000  0.816984E+000
  0.629649E+000  0.820993E+000
  0.632708E+000  0.825002E+000
  0.635767E+000  0.829011E+000
  0.638826E+000  0.833020E+000
  0.641885E+000  0.837030E+000
  0.644944E+000  0.841039E+000
  0.648003E+000  0.845048E+000
  0.651062E+000  0.849057E+000
  0.654121E+000  0.853066E+000
  0.657180E+000  0.857075E+000
  0.660239E+000  0.861084E+000
  0.663298E+000  0.865094E+000
  0.666357E+000  0.869103E+000
  0.669416E+000  0.873112E+000
  0.672475E+000  0.877121E+000
  0.675534E+000  0.881130E+000
  0.678593E+000  0.885139E+000
  0.681652E+000  0.889148E+000
  0.684711E+000  0.893158E+000
  0.687770E+000  0.897167E+000
  0.690829E+000  0.901176E+000
  0.693888E+000  0.905185E+000
  0.696947E+000  0.909194E+000
  0.700006E+000  0.913203E+000
  0.703065E+000  0.917212E+000
  0.706124E+000  0.921221E+000
  0.709183E+000  0.925231E+000
  0.712242E+000  0.929240E+000
  0.715301E+000  0.933249E+000
  0.718360E+000  0.937258E+000
  0.721419E+000  0.941267E+000
  0.724478E+000  0.945276E+000
  0.727537E+000  0.949285E+000
  0.730596E+000  0.953294E+000
  0.733655E+000  0.957304E+000
  0.736714E+000  0.961313E+000
  0.739773E+000  0.965322E+000
  0.742832E+000  0.969331E+000
  0.745891E+000  0.973340E+000
  0.748950E+000  0.977349E+000
  0.752009E+000  0.981358E+000
  0.755068E+000  0.985367E+000
  0.758127E+000  0.989376E+000
  0.761186E+000  0.993385E+000
  0.764245E+000  0.997395E+000
  0.767304E+000  0.100140E+001
  0.770363E+000  0.100541E+001
  0.773422E+000  0.100942E+001
  0.776481E+000  0.101343E+001
  0.779540E+000  0.101744E+001
  0.782599E+000  0.102145E+001
  0.785658E+000  0.102546E+001
  0.788717E+000  0.102947E+001
  0.791776E+000  0.103348E+001
  0.794835E+000  0.103749E+001
  0.797894E+000  0.104149E+001
  0.800953E+000  0.104550E+001
  0.804012E+000  0.104951E+001
  0.807071E+000  0.105352E+001
  0.810130E+000  0.105753E+001
  0.813189E+000  0.106154E+001
  0.816248E+000  0.106555E+001
  0.819307E+000  0.106956E+001
  0.822366E+000  0.107357E+001
  0.825425E+000  0.107758E+001
  0.828484E+000  0.108159E+001
  0.831543E+000  0.108559E+001
  0.834602E+000  0.108960E+001
  0.837661E+000  0.109361E+001
  0.840720E+000  0.109762E+001
  0.843779E+000  0.110163E+001
  0.846838E+000  0.110564E+001
  0.849897E+000  0.110965E+001
  0.852956E+000  0.111366E+001
  0.856015E+000  0.111767E+001
  0.859074E+000  0.112168E+001
  0.862133E+000  0.112569E+001
  0.865192E+000  0.112969E+001
  0.868251E+000  0.113370E+001
  0.871310E+000  0.113771E+001
  0.874369E+000  0.114172E+001
  0.877428E+000  0.114573E+001
  0.880487E+000  0.114974E+001
  0.883546E+000  0.115375E+001
  0.886605E+000  0.115776E+001
  0.889664E+000  0.116177E+001
  0.892723E+000  0.116578E+001
  0.895782E+000  0.116979E+001
  0.898841E+000  0.117379E+001
  0.901900E+000  0.109025E-001
