  0.000000E+000  0.000000E+000  0.000000E+000  0.000000E+000
  0.161660E+001  0.251665E+001  0.400000E+001  0.129901E-002
  0.161840E+001  0.252013E+001  0.400000E+001  0.129699E-002
  0.162020E+001  0.252361E+001  0.400000E+001  0.129460E-002
  0.162200E+001  0.252708E+001  0.400000E+001  0.129210E-002
  0.162380E+001  0.253055E+001  0.400000E+001  0.128955E-002
  0.162560E+001  0.253402E+001  0.400000E+001  0.128698E-002
  0.162740E+001  0.253749E+001  0.400000E+001  0.128441E-002
  0.162920E+001  0.254095E+001  0.400000E+001  0.128183E-002
  0.163100E+001  0.254441E+001  0.400000E+001  0.127926E-002
  0.163280E+001  0.254786E+001  0.400000E+001  0.127670E-002
  0.163460E+001  0.255132E+001  0.400000E+001  0.127414E-002
  0.163640E+001  0.255477E+001  0.400000E+001  0.127159E-002
  0.163820E+001  0.255821E+001  0.400000E+001  0.126905E-002
  0.164000E+001  0.256166E+001  0.400000E+001  0.126652E-002
  0.164180E+001  0.256510E+001  0.400000E+001  0.126400E-002
  0.164360E+001  0.256853E+001  0.400000E+001  0.126149E-002
  0.164540E+001  0.257197E+001  0.400000E+001  0.125899E-002
  0.164720E+001  0.257540E+001  0.400000E+001  0.125649E-002
  0.164900E+001  0.257883E+001  0.400000E+001  0.125401E-002
  0.165080E+001  0.258225E+001  0.400000E+001  0.125153E-002
  0.165260E+001  0.258567E+001  0.400000E+001  0.124907E-002
  0.165440E+001  0.258909E+001  0.400000E+001  0.124661E-002
  0.165620E+001  0.259251E+001  0.400000E+001  0.124417E-002
  0.165800E+001  0.259592E+001  0.400000E+001  0.124173E-002
  0.165980E+001  0.259933E+001  0.400000E+001  0.123930E-002
  0.166160E+001  0.260274E+001  0.400000E+001  0.123688E-002
  0.166340E+001  0.260614E+001  0.400000E+001  0.123447E-002
  0.166520E+001  0.260954E+001  0.400000E+001  0.123207E-002
  0.166700E+001  0.261294E+001  0.400000E+001  0.122968E-002
  0.166880E+001  0.261633E+001  0.400000E+001  0.122730E-002
  0.167060E+001  0.261973E+001  0.400000E+001  0.122493E-002
  0.167240E+001  0.262312E+001  0.400000E+001  0.122256E-002
  0.167420E+001  0.262650E+001  0.400000E+001  0.122021E-002
  0.167600E+001  0.262989E+001  0.400000E+001  0.121786E-002
  0.167780E+001  0.263327E+001  0.400000E+001  0.121553E-002
  0.167960E+001  0.263664E+001  0.400000E+001  0.121320E-002
  0.168140E+001  0.264002E+001  0.400000E+001  0.121088E-002
  0.168320E+001  0.264339E+001  0.400000E+001  0.120857E-002
  0.168500E+001  0.264676E+001  0.400000E+001  0.120627E-002
  0.168680E+001  0.265013E+001  0.400000E+001  0.120398E-002
  0.168860E+001  0.265349E+001  0.400000E+001  0.120169E-002
  0.169040E+001  0.265685E+001  0.400000E+001  0.119942E-002
  0.169220E+001  0.266021E+001  0.400000E+001  0.119715E-002
  0.169400E+001  0.266356E+001  0.400000E+001  0.119489E-002
  0.169580E+001  0.266692E+001  0.400000E+001  0.119264E-002
  0.169760E+001  0.267027E+001  0.400000E+001  0.119040E-002
  0.169940E+001  0.267361E+001  0.400000E+001  0.118817E-002
  0.170120E+001  0.267696E+001  0.400000E+001  0.118594E-002
  0.170300E+001  0.268030E+001  0.400000E+001  0.118372E-002
  0.170480E+001  0.268364E+001  0.400000E+001  0.118152E-002
  0.170660E+001  0.268697E+001  0.400000E+001  0.117931E-002
  0.170840E+001  0.269031E+001  0.400000E+001  0.117712E-002
  0.171020E+001  0.269364E+001  0.400000E+001  0.117494E-002
  0.171200E+001  0.269697E+001  0.400000E+001  0.117276E-002
  0.171380E+001  0.270029E+001  0.400000E+001  0.117059E-002
  0.171560E+001  0.270362E+001  0.400000E+001  0.116843E-002
  0.171740E+001  0.270694E+001  0.400000E+001  0.116628E-002
  0.171920E+001  0.271025E+001  0.400000E+001  0.116414E-002
  0.172100E+001  0.271357E+001  0.400000E+001  0.116200E-002
  0.172280E+001  0.271688E+001  0.400000E+001  0.115987E-002
  0.172460E+001  0.272019E+001  0.400000E+001  0.115775E-002
  0.172640E+001  0.272350E+001  0.400000E+001  0.115563E-002
  0.172820E+001  0.272680E+001  0.400000E+001  0.115353E-002
  0.173000E+001  0.273010E+001  0.400000E+001  0.115143E-002
  0.173180E+001  0.273340E+001  0.400000E+001  0.114934E-002
  0.173360E+001  0.273670E+001  0.400000E+001  0.114726E-002
  0.173540E+001  0.273999E+001  0.400000E+001  0.114518E-002
  0.173720E+001  0.274329E+001  0.400000E+001  0.114311E-002
  0.173900E+001  0.274658E+001  0.400000E+001  0.114105E-002
  0.174080E+001  0.274986E+001  0.400000E+001  0.113900E-002
  0.174260E+001  0.275315E+001  0.400000E+001  0.113695E-002
  0.174440E+001  0.275643E+001  0.400000E+001  0.113491E-002
  0.174620E+001  0.275971E+001  0.400000E+001  0.113288E-002
  0.174800E+001  0.276298E+001  0.400000E+001  0.113085E-002
  0.174980E+001  0.276626E+001  0.400000E+001  0.112884E-002
  0.175160E+001  0.276953E+001  0.400000E+001  0.112683E-002
  0.175340E+001  0.277280E+001  0.400000E+001  0.112482E-002
  0.175520E+001  0.277607E+001  0.400000E+001  0.112283E-002
  0.175700E+001  0.277933E+001  0.400000E+001  0.112084E-002
  0.175880E+001  0.278259E+001  0.400000E+001  0.111886E-002
  0.176060E+001  0.278585E+001  0.400000E+001  0.111688E-002
  0.176240E+001  0.278911E+001  0.400000E+001  0.111491E-002
  0.176420E+001  0.279237E+001  0.400000E+001  0.111295E-002
  0.176600E+001  0.279562E+001  0.400000E+001  0.111100E-002
  0.176780E+001  0.279887E+001  0.400000E+001  0.110905E-002
  0.176960E+001  0.280212E+001  0.400000E+001  0.110711E-002
  0.177140E+001  0.280536E+001  0.400000E+001  0.110517E-002
  0.177320E+001  0.280860E+001  0.400000E+001  0.110324E-002
  0.177500E+001  0.281184E+001  0.400000E+001  0.110132E-002
  0.177680E+001  0.281508E+001  0.400000E+001  0.109941E-002
  0.177860E+001  0.281832E+001  0.400000E+001  0.109750E-002
  0.178040E+001  0.282155E+001  0.400000E+001  0.109560E-002
  0.178220E+001  0.282478E+001  0.400000E+001  0.109371E-002
  0.178400E+001  0.282801E+001  0.400000E+001  0.109182E-002
  0.178580E+001  0.283124E+001  0.400000E+001  0.108993E-002
  0.178760E+001  0.283446E+001  0.400000E+001  0.108806E-002
  0.178940E+001  0.283769E+001  0.400000E+001  0.108619E-002
