  0.000000E+000  0.000000E+000  0.000000E+000  0.000000E+000
  0.161300E+001  0.178638E+001  0.300000E+001  0.239643E-002
  0.161480E+001  0.179273E+001  0.300000E+001  0.238621E-002
  0.161660E+001  0.179905E+001  0.400000E+001  0.237609E-002
  0.161840E+001  0.180535E+001  0.400000E+001  0.236607E-002
  0.162020E+001  0.181164E+001  0.400000E+001  0.235616E-002
  0.162200E+001  0.181790E+001  0.400000E+001  0.234633E-002
  0.162380E+001  0.182415E+001  0.400000E+001  0.233661E-002
  0.162560E+001  0.183037E+001  0.400000E+001  0.232698E-002
  0.162740E+001  0.183658E+001  0.400000E+001  0.231744E-002
  0.162920E+001  0.184277E+001  0.400000E+001  0.230799E-002
  0.163100E+001  0.184894E+001  0.400000E+001  0.229863E-002
  0.163280E+001  0.185509E+001  0.400000E+001  0.228936E-002
  0.163460E+001  0.186123E+001  0.400000E+001  0.228018E-002
  0.163640E+001  0.186734E+001  0.400000E+001  0.227108E-002
  0.163820E+001  0.187344E+001  0.400000E+001  0.226206E-002
  0.164000E+001  0.187952E+001  0.400000E+001  0.225313E-002
  0.164180E+001  0.188559E+001  0.400000E+001  0.224428E-002
  0.164360E+001  0.189163E+001  0.400000E+001  0.223552E-002
  0.164540E+001  0.189766E+001  0.400000E+001  0.222683E-002
  0.164720E+001  0.190367E+001  0.400000E+001  0.221822E-002
  0.164900E+001  0.190967E+001  0.400000E+001  0.220968E-002
  0.165080E+001  0.191565E+001  0.400000E+001  0.220122E-002
  0.165260E+001  0.192161E+001  0.400000E+001  0.219284E-002
  0.165440E+001  0.192756E+001  0.400000E+001  0.218453E-002
  0.165620E+001  0.193349E+001  0.400000E+001  0.217629E-002
  0.165800E+001  0.193940E+001  0.400000E+001  0.216813E-002
  0.165980E+001  0.194530E+001  0.400000E+001  0.216003E-002
  0.166160E+001  0.195118E+001  0.400000E+001  0.215201E-002
  0.166340E+001  0.195705E+001  0.400000E+001  0.214405E-002
  0.166520E+001  0.196290E+001  0.400000E+001  0.213616E-002
  0.166700E+001  0.196874E+001  0.400000E+001  0.212834E-002
  0.166880E+001  0.197456E+001  0.400000E+001  0.212058E-002
  0.167060E+001  0.198037E+001  0.400000E+001  0.211289E-002
  0.167240E+001  0.198616E+001  0.400000E+001  0.210526E-002
  0.167420E+001  0.199194E+001  0.400000E+001  0.209770E-002
  0.167600E+001  0.199770E+001  0.400000E+001  0.209019E-002
  0.167780E+001  0.200345E+001  0.400000E+001  0.208275E-002
  0.167960E+001  0.200918E+001  0.400000E+001  0.207537E-002
  0.168140E+001  0.201490E+001  0.400000E+001  0.206805E-002
  0.168320E+001  0.202061E+001  0.400000E+001  0.206079E-002
  0.168500E+001  0.202630E+001  0.400000E+001  0.205358E-002
  0.168680E+001  0.203197E+001  0.400000E+001  0.204643E-002
  0.168860E+001  0.203764E+001  0.400000E+001  0.203934E-002
  0.169040E+001  0.204329E+001  0.400000E+001  0.203231E-002
  0.169220E+001  0.204892E+001  0.400000E+001  0.202533E-002
  0.169400E+001  0.205455E+001  0.400000E+001  0.201841E-002
  0.169580E+001  0.206016E+001  0.400000E+001  0.201154E-002
  0.169760E+001  0.206575E+001  0.400000E+001  0.200472E-002
  0.169940E+001  0.207133E+001  0.400000E+001  0.199795E-002
  0.170120E+001  0.207690E+001  0.400000E+001  0.199124E-002
  0.170300E+001  0.208246E+001  0.400000E+001  0.198458E-002
  0.170480E+001  0.208801E+001  0.400000E+001  0.197797E-002
  0.170660E+001  0.209354E+001  0.400000E+001  0.197140E-002
  0.170840E+001  0.209906E+001  0.400000E+001  0.196489E-002
  0.171020E+001  0.210456E+001  0.400000E+001  0.195843E-002
  0.171200E+001  0.211006E+001  0.400000E+001  0.195201E-002
  0.171380E+001  0.211554E+001  0.400000E+001  0.194564E-002
  0.171560E+001  0.212101E+001  0.400000E+001  0.193932E-002
  0.171740E+001  0.212647E+001  0.400000E+001  0.193305E-002
  0.171920E+001  0.213191E+001  0.400000E+001  0.192682E-002
  0.172100E+001  0.213735E+001  0.400000E+001  0.192064E-002
  0.172280E+001  0.214277E+001  0.400000E+001  0.191450E-002
  0.172460E+001  0.214818E+001  0.400000E+001  0.190840E-002
  0.172640E+001  0.215358E+001  0.400000E+001  0.190235E-002
  0.172820E+001  0.215896E+001  0.400000E+001  0.189635E-002
  0.173000E+001  0.216434E+001  0.400000E+001  0.189038E-002
  0.173180E+001  0.216970E+001  0.400000E+001  0.188446E-002
  0.173360E+001  0.217505E+001  0.400000E+001  0.187858E-002
  0.173540E+001  0.218039E+001  0.400000E+001  0.187274E-002
  0.173720E+001  0.218572E+001  0.400000E+001  0.186694E-002
  0.173900E+001  0.219104E+001  0.400000E+001  0.186119E-002
  0.174080E+001  0.219635E+001  0.400000E+001  0.185547E-002
  0.174260E+001  0.220165E+001  0.400000E+001  0.184979E-002
  0.174440E+001  0.220693E+001  0.400000E+001  0.184415E-002
  0.174620E+001  0.221221E+001  0.400000E+001  0.183855E-002
  0.174800E+001  0.221748E+001  0.400000E+001  0.183299E-002
  0.174980E+001  0.222273E+001  0.400000E+001  0.182746E-002
  0.175160E+001  0.222797E+001  0.400000E+001  0.182198E-002
  0.175340E+001  0.223321E+001  0.400000E+001  0.181653E-002
  0.175520E+001  0.223843E+001  0.400000E+001  0.181111E-002
  0.175700E+001  0.224364E+001  0.400000E+001  0.180574E-002
  0.175880E+001  0.224884E+001  0.400000E+001  0.180039E-002
  0.176060E+001  0.225403E+001  0.400000E+001  0.179509E-002
  0.176240E+001  0.225922E+001  0.400000E+001  0.178982E-002
  0.176420E+001  0.226439E+001  0.400000E+001  0.178458E-002
  0.176600E+001  0.226955E+001  0.400000E+001  0.177938E-002
  0.176780E+001  0.227470E+001  0.400000E+001  0.177421E-002
  0.176960E+001  0.227984E+001  0.400000E+001  0.176908E-002
  0.177140E+001  0.228498E+001  0.400000E+001  0.176397E-002
  0.177320E+001  0.229010E+001  0.400000E+001  0.175891E-002
  0.177500E+001  0.229521E+001  0.400000E+001  0.175387E-002
  0.177680E+001  0.230031E+001  0.400000E+001  0.174887E-002
  0.177860E+001  0.230541E+001  0.400000E+001  0.174389E-002
  0.178040E+001  0.231049E+001  0.400000E+001  0.173895E-002
  0.178220E+001  0.231557E+001  0.400000E+001  0.173404E-002
  0.178400E+001  0.232063E+001  0.400000E+001  0.172916E-002
  0.178580E+001  0.232569E+001  0.400000E+001  0.172430E-002
  0.178760E+001  0.233074E+001  0.400000E+001  0.171945E-002
  0.178940E+001  0.233577E+001  0.400000E+001  0.171458E-002
  0.179120E+001  0.234080E+001  0.300000E+001  0.170932E-002
  0.179300E+001  0.234563E+001  0.300000E+001  0.242585E-003
