  0.000000E+000  0.000000E+000
  0.901900E+000  0.293547E-001
  0.906408E+000  0.118371E+001
  0.910916E+000  0.118962E+001
  0.915424E+000  0.119553E+001
  0.919932E+000  0.120144E+001
  0.924440E+000  0.120734E+001
  0.928948E+000  0.121325E+001
  0.933456E+000  0.121916E+001
  0.937964E+000  0.122507E+001
  0.942472E+000  0.123098E+001
  0.946980E+000  0.123688E+001
  0.951488E+000  0.124279E+001
  0.955996E+000  0.124870E+001
  0.960504E+000  0.125461E+001
  0.965012E+000  0.126052E+001
  0.969520E+000  0.126643E+001
  0.974028E+000  0.127233E+001
  0.978536E+000  0.127824E+001
  0.983044E+000  0.128415E+001
  0.987552E+000  0.129006E+001
  0.992060E+000  0.129597E+001
  0.996568E+000  0.130187E+001
  0.100108E+001  0.130778E+001
  0.100558E+001  0.131369E+001
  0.101009E+001  0.131960E+001
  0.101460E+001  0.132551E+001
  0.101911E+001  0.133142E+001
  0.102362E+001  0.133732E+001
  0.102812E+001  0.134323E+001
  0.103263E+001  0.134914E+001
  0.103714E+001  0.135505E+001
  0.104165E+001  0.136096E+001
  0.104616E+001  0.136687E+001
  0.105066E+001  0.137277E+001
  0.105517E+001  0.137868E+001
  0.105968E+001  0.138459E+001
  0.106419E+001  0.139050E+001
  0.106870E+001  0.139641E+001
  0.107320E+001  0.140232E+001
  0.107771E+001  0.140822E+001
  0.108222E+001  0.141413E+001
  0.108673E+001  0.142004E+001
  0.109124E+001  0.142595E+001
  0.109574E+001  0.143186E+001
  0.110025E+001  0.143777E+001
  0.110476E+001  0.144368E+001
  0.110927E+001  0.144958E+001
  0.111378E+001  0.145549E+001
  0.111828E+001  0.146140E+001
  0.112279E+001  0.146731E+001
  0.112730E+001  0.147322E+001
  0.113181E+001  0.147913E+001
  0.113632E+001  0.148504E+001
  0.114082E+001  0.149095E+001
  0.114533E+001  0.149686E+001
  0.114984E+001  0.150277E+001
  0.115435E+001  0.150868E+001
  0.115886E+001  0.151460E+001
  0.116336E+001  0.152051E+001
  0.116787E+001  0.152642E+001
  0.117238E+001  0.153234E+001
  0.117689E+001  0.153827E+001
  0.118140E+001  0.154420E+001
  0.118590E+001  0.155017E+001
  0.119041E+001  0.155625E+001
  0.119492E+001  0.156369E+001
  0.119943E+001  0.157536E+001
  0.120394E+001  0.158768E+001
  0.120844E+001  0.160000E+001
  0.121295E+001  0.161225E+001
  0.121746E+001  0.162444E+001
  0.122197E+001  0.163656E+001
  0.122648E+001  0.164861E+001
  0.123098E+001  0.166059E+001
  0.123549E+001  0.167250E+001
  0.124000E+001  0.168434E+001
  0.124451E+001  0.169611E+001
  0.124902E+001  0.170782E+001
  0.125352E+001  0.171946E+001
  0.125803E+001  0.173104E+001
  0.126254E+001  0.174256E+001
  0.126705E+001  0.175401E+001
  0.127156E+001  0.176541E+001
  0.127606E+001  0.177674E+001
  0.128057E+001  0.178802E+001
  0.128508E+001  0.179924E+001
  0.128959E+001  0.181041E+001
  0.129410E+001  0.182152E+001
  0.129860E+001  0.183258E+001
  0.130311E+001  0.184359E+001
  0.130762E+001  0.185454E+001
  0.131213E+001  0.186544E+001
  0.131664E+001  0.187629E+001
  0.132114E+001  0.188710E+001
  0.132565E+001  0.189785E+001
  0.133016E+001  0.190856E+001
  0.133467E+001  0.191922E+001
  0.133918E+001  0.192984E+001
  0.134368E+001  0.194041E+001
  0.134819E+001  0.195093E+001
  0.135270E+001  0.176859E+001
