  0.000000E+000  0.000000E+000  0.000000E+000  0.000000E+000
  0.135270E+001  0.140725E-001  0.400000E+001  0.336184E+000
  0.135530E+001  0.176368E+000  0.400000E+001  0.272169E-001
  0.135791E+001  0.249151E+000  0.400000E+001  0.192490E-001
  0.136051E+001  0.305081E+000  0.400000E+001  0.157027E-001
  0.136311E+001  0.352273E+000  0.400000E+001  0.135830E-001
  0.136571E+001  0.393878E+000  0.400000E+001  0.121336E-001
  0.136832E+001  0.431515E+000  0.400000E+001  0.110617E-001
  0.137092E+001  0.466146E+000  0.400000E+001  0.102273E-001
  0.137352E+001  0.498396E+000  0.400000E+001  0.955366E-002
  0.137613E+001  0.528701E+000  0.400000E+001  0.899485E-002
  0.137873E+001  0.557380E+000  0.400000E+001  0.852143E-002
  0.138133E+001  0.584670E+000  0.400000E+001  0.811358E-002
  0.138394E+001  0.610758E+000  0.400000E+001  0.775735E-002
  0.138654E+001  0.635793E+000  0.400000E+001  0.744264E-002
  0.138914E+001  0.659893E+000  0.400000E+001  0.716191E-002
  0.139174E+001  0.683158E+000  0.400000E+001  0.690943E-002
  0.139435E+001  0.705670E+000  0.400000E+001  0.668071E-002
  0.139695E+001  0.727499E+000  0.400000E+001  0.647223E-002
  0.139955E+001  0.748705E+000  0.400000E+001  0.628114E-002
  0.140216E+001  0.769339E+000  0.400000E+001  0.610513E-002
  0.140476E+001  0.789447E+000  0.400000E+001  0.594230E-002
  0.140736E+001  0.809067E+000  0.400000E+001  0.579106E-002
  0.140997E+001  0.828233E+000  0.400000E+001  0.565009E-002
  0.141257E+001  0.846978E+000  0.400000E+001  0.551827E-002
  0.141517E+001  0.865328E+000  0.400000E+001  0.539464E-002
  0.141777E+001  0.883307E+000  0.400000E+001  0.527838E-002
  0.142038E+001  0.900938E+000  0.400000E+001  0.516876E-002
  0.142298E+001  0.918241E+000  0.400000E+001  0.506519E-002
  0.142558E+001  0.935235E+000  0.400000E+001  0.496711E-002
  0.142819E+001  0.951935E+000  0.400000E+001  0.487404E-002
  0.143079E+001  0.968357E+000  0.400000E+001  0.478558E-002
  0.143339E+001  0.984514E+000  0.400000E+001  0.470135E-002
  0.143600E+001  0.100042E+001  0.400000E+001  0.462102E-002
  0.143860E+001  0.101609E+001  0.400000E+001  0.454429E-002
  0.144120E+001  0.103152E+001  0.400000E+001  0.447089E-002
  0.144380E+001  0.104674E+001  0.400000E+001  0.440060E-002
  0.144641E+001  0.106175E+001  0.400000E+001  0.433319E-002
  0.144901E+001  0.107656E+001  0.400000E+001  0.426847E-002
  0.145161E+001  0.109118E+001  0.400000E+001  0.420627E-002
  0.145422E+001  0.110561E+001  0.400000E+001  0.414642E-002
  0.145682E+001  0.111987E+001  0.400000E+001  0.408877E-002
  0.145942E+001  0.113395E+001  0.400000E+001  0.403320E-002
  0.146203E+001  0.114787E+001  0.400000E+001  0.397957E-002
  0.146463E+001  0.116163E+001  0.400000E+001  0.392778E-002
  0.146723E+001  0.117524E+001  0.400000E+001  0.387772E-002
  0.146983E+001  0.118870E+001  0.400000E+001  0.382930E-002
  0.147244E+001  0.120201E+001  0.400000E+001  0.378243E-002
  0.147504E+001  0.121519E+001  0.400000E+001  0.373702E-002
  0.147764E+001  0.122824E+001  0.400000E+001  0.369300E-002
  0.148025E+001  0.124115E+001  0.400000E+001  0.365031E-002
  0.148285E+001  0.125394E+001  0.400000E+001  0.360886E-002
  0.148545E+001  0.126661E+001  0.400000E+001  0.356861E-002
  0.148806E+001  0.127916E+001  0.400000E+001  0.352950E-002
  0.149066E+001  0.129159E+001  0.400000E+001  0.349146E-002
  0.149326E+001  0.130392E+001  0.400000E+001  0.345446E-002
  0.149586E+001  0.131613E+001  0.400000E+001  0.341845E-002
  0.149847E+001  0.132824E+001  0.400000E+001  0.338338E-002
  0.150107E+001  0.134025E+001  0.400000E+001  0.334921E-002
  0.150367E+001  0.135215E+001  0.400000E+001  0.331591E-002
  0.150628E+001  0.136396E+001  0.400000E+001  0.328343E-002
  0.150888E+001  0.137568E+001  0.400000E+001  0.325175E-002
  0.151148E+001  0.138730E+001  0.400000E+001  0.322082E-002
  0.151409E+001  0.139883E+001  0.400000E+001  0.319063E-002
  0.151669E+001  0.141028E+001  0.400000E+001  0.316114E-002
  0.151929E+001  0.142164E+001  0.400000E+001  0.313232E-002
  0.152189E+001  0.143291E+001  0.400000E+001  0.310416E-002
  0.152450E+001  0.144411E+001  0.400000E+001  0.307661E-002
  0.152710E+001  0.145522E+001  0.400000E+001  0.304967E-002
  0.152970E+001  0.146626E+001  0.400000E+001  0.302331E-002
  0.153231E+001  0.147722E+001  0.400000E+001  0.299751E-002
  0.153491E+001  0.148810E+001  0.400000E+001  0.297224E-002
  0.153751E+001  0.149891E+001  0.400000E+001  0.294750E-002
  0.154012E+001  0.150965E+001  0.400000E+001  0.292326E-002
  0.154272E+001  0.152032E+001  0.400000E+001  0.289951E-002
  0.154532E+001  0.153093E+001  0.400000E+001  0.287622E-002
  0.154792E+001  0.154146E+001  0.400000E+001  0.285339E-002
  0.155053E+001  0.155193E+001  0.400000E+001  0.283100E-002
  0.155313E+001  0.156234E+001  0.400000E+001  0.280904E-002
  0.155573E+001  0.157268E+001  0.400000E+001  0.278749E-002
  0.155834E+001  0.158296E+001  0.400000E+001  0.276633E-002
  0.156094E+001  0.159318E+001  0.400000E+001  0.274557E-002
  0.156354E+001  0.160334E+001  0.400000E+001  0.272517E-002
  0.156615E+001  0.161344E+001  0.400000E+001  0.270515E-002
  0.156875E+001  0.162349E+001  0.400000E+001  0.268547E-002
  0.157135E+001  0.163347E+001  0.400000E+001  0.266614E-002
  0.157395E+001  0.164341E+001  0.400000E+001  0.264714E-002
  0.157656E+001  0.165328E+001  0.400000E+001  0.262846E-002
  0.157916E+001  0.166311E+001  0.400000E+001  0.261010E-002
  0.158176E+001  0.167288E+001  0.400000E+001  0.259205E-002
  0.158437E+001  0.168260E+001  0.400000E+001  0.257429E-002
  0.158697E+001  0.169228E+001  0.400000E+001  0.255682E-002
  0.158957E+001  0.170190E+001  0.400000E+001  0.253963E-002
  0.159218E+001  0.171147E+001  0.400000E+001  0.252271E-002
  0.159478E+001  0.172099E+001  0.400000E+001  0.250607E-002
  0.159738E+001  0.173047E+001  0.400000E+001  0.248968E-002
  0.159998E+001  0.173990E+001  0.400000E+001  0.247354E-002
  0.160259E+001  0.174929E+001  0.400000E+001  0.245765E-002
  0.160519E+001  0.175863E+001  0.400000E+001  0.244200E-002
  0.160779E+001  0.176792E+001  0.400000E+001  0.242658E-002
  0.161040E+001  0.177717E+001  0.300000E+001  0.241140E-002
  0.161300E+001  0.178638E+001  0.300000E+001  0.239643E-002
