  0.000000E+000  0.000000E+000  0.000000E+000  0.000000E+000
  0.135270E+001  0.176859E+001  0.400000E+001  0.543931E-003
  0.135530E+001  0.177200E+001  0.400000E+001  0.542661E-003
  0.135791E+001  0.177541E+001  0.400000E+001  0.541403E-003
  0.136051E+001  0.177882E+001  0.400000E+001  0.540157E-003
  0.136311E+001  0.178224E+001  0.400000E+001  0.538921E-003
  0.136571E+001  0.178565E+001  0.400000E+001  0.537697E-003
  0.136832E+001  0.178906E+001  0.400000E+001  0.536483E-003
  0.137092E+001  0.179247E+001  0.400000E+001  0.535279E-003
  0.137352E+001  0.179588E+001  0.400000E+001  0.534085E-003
  0.137613E+001  0.179929E+001  0.400000E+001  0.532900E-003
  0.137873E+001  0.180270E+001  0.400000E+001  0.531724E-003
  0.138133E+001  0.180612E+001  0.400000E+001  0.530558E-003
  0.138394E+001  0.180953E+001  0.400000E+001  0.529400E-003
  0.138654E+001  0.181294E+001  0.400000E+001  0.528251E-003
  0.138914E+001  0.181635E+001  0.400000E+001  0.527110E-003
  0.139174E+001  0.181976E+001  0.400000E+001  0.525977E-003
  0.139435E+001  0.182317E+001  0.400000E+001  0.524852E-003
  0.139695E+001  0.182659E+001  0.400000E+001  0.523735E-003
  0.139955E+001  0.183000E+001  0.400000E+001  0.522625E-003
  0.140216E+001  0.183341E+001  0.400000E+001  0.521522E-003
  0.140476E+001  0.183682E+001  0.400000E+001  0.520427E-003
  0.140736E+001  0.184023E+001  0.400000E+001  0.519339E-003
  0.140997E+001  0.184364E+001  0.400000E+001  0.518258E-003
  0.141257E+001  0.184705E+001  0.400000E+001  0.517183E-003
  0.141517E+001  0.185047E+001  0.400000E+001  0.516115E-003
  0.141777E+001  0.185388E+001  0.400000E+001  0.515054E-003
  0.142038E+001  0.185729E+001  0.400000E+001  0.513999E-003
  0.142298E+001  0.186070E+001  0.400000E+001  0.512950E-003
  0.142558E+001  0.186411E+001  0.400000E+001  0.511907E-003
  0.142819E+001  0.186752E+001  0.400000E+001  0.510871E-003
  0.143079E+001  0.187093E+001  0.400000E+001  0.509840E-003
  0.143339E+001  0.187435E+001  0.400000E+001  0.508815E-003
  0.143600E+001  0.187776E+001  0.400000E+001  0.507796E-003
  0.143860E+001  0.188117E+001  0.400000E+001  0.506782E-003
  0.144120E+001  0.188458E+001  0.400000E+001  0.505774E-003
  0.144380E+001  0.188799E+001  0.400000E+001  0.504771E-003
  0.144641E+001  0.189140E+001  0.400000E+001  0.503774E-003
  0.144901E+001  0.189481E+001  0.400000E+001  0.502782E-003
  0.145161E+001  0.189823E+001  0.400000E+001  0.501795E-003
  0.145422E+001  0.190164E+001  0.400000E+001  0.500813E-003
  0.145682E+001  0.190505E+001  0.400000E+001  0.499836E-003
  0.145942E+001  0.190846E+001  0.400000E+001  0.498864E-003
  0.146203E+001  0.191187E+001  0.400000E+001  0.497897E-003
  0.146463E+001  0.191528E+001  0.400000E+001  0.496935E-003
  0.146723E+001  0.191869E+001  0.400000E+001  0.495977E-003
  0.146983E+001  0.192211E+001  0.400000E+001  0.495024E-003
  0.147244E+001  0.192552E+001  0.400000E+001  0.494076E-003
  0.147504E+001  0.192893E+001  0.400000E+001  0.493133E-003
  0.147764E+001  0.193234E+001  0.400000E+001  0.492194E-003
  0.148025E+001  0.193575E+001  0.400000E+001  0.491259E-003
  0.148285E+001  0.193916E+001  0.400000E+001  0.490328E-003
  0.148545E+001  0.194257E+001  0.400000E+001  0.489403E-003
  0.148806E+001  0.194598E+001  0.400000E+001  0.488481E-003
  0.149066E+001  0.194940E+001  0.400000E+001  0.487563E-003
  0.149326E+001  0.195281E+001  0.400000E+001  0.486650E-003
  0.149586E+001  0.195622E+001  0.400000E+001  0.485741E-003
  0.149847E+001  0.195963E+001  0.400000E+001  0.484836E-003
  0.150107E+001  0.196304E+001  0.400000E+001  0.483935E-003
  0.150367E+001  0.196645E+001  0.400000E+001  0.483038E-003
  0.150628E+001  0.196986E+001  0.400000E+001  0.482145E-003
  0.150888E+001  0.197328E+001  0.400000E+001  0.481255E-003
  0.151148E+001  0.197669E+001  0.400000E+001  0.480370E-003
  0.151409E+001  0.198010E+001  0.400000E+001  0.479488E-003
  0.151669E+001  0.198351E+001  0.400000E+001  0.478611E-003
  0.151929E+001  0.198692E+001  0.400000E+001  0.477737E-003
  0.152189E+001  0.199033E+001  0.400000E+001  0.476866E-003
  0.152450E+001  0.199374E+001  0.400000E+001  0.476000E-003
  0.152710E+001  0.199716E+001  0.400000E+001  0.475137E-003
  0.152970E+001  0.200057E+001  0.400000E+001  0.474277E-003
  0.153231E+001  0.200398E+001  0.400000E+001  0.473421E-003
  0.153491E+001  0.200739E+001  0.400000E+001  0.472569E-003
  0.153751E+001  0.201080E+001  0.400000E+001  0.471720E-003
  0.154012E+001  0.201421E+001  0.400000E+001  0.470875E-003
  0.154272E+001  0.201762E+001  0.400000E+001  0.470033E-003
  0.154532E+001  0.202104E+001  0.400000E+001  0.469194E-003
  0.154792E+001  0.202445E+001  0.400000E+001  0.468359E-003
  0.155053E+001  0.202786E+001  0.400000E+001  0.467527E-003
  0.155313E+001  0.203127E+001  0.400000E+001  0.466699E-003
  0.155573E+001  0.203468E+001  0.400000E+001  0.465874E-003
  0.155834E+001  0.203809E+001  0.400000E+001  0.465051E-003
  0.156094E+001  0.204150E+001  0.400000E+001  0.464233E-003
  0.156354E+001  0.204492E+001  0.400000E+001  0.463417E-003
  0.156615E+001  0.204833E+001  0.400000E+001  0.462605E-003
  0.156875E+001  0.205174E+001  0.400000E+001  0.461795E-003
  0.157135E+001  0.205515E+001  0.400000E+001  0.460989E-003
  0.157395E+001  0.205856E+001  0.400000E+001  0.460186E-003
  0.157656E+001  0.206197E+001  0.400000E+001  0.459386E-003
  0.157916E+001  0.206538E+001  0.400000E+001  0.458589E-003
  0.158176E+001  0.206880E+001  0.400000E+001  0.457795E-003
  0.158437E+001  0.207221E+001  0.400000E+001  0.457004E-003
  0.158697E+001  0.207562E+001  0.400000E+001  0.456216E-003
  0.158957E+001  0.207903E+001  0.400000E+001  0.455431E-003
  0.159218E+001  0.208244E+001  0.400000E+001  0.454649E-003
  0.159478E+001  0.208585E+001  0.400000E+001  0.453869E-003
  0.159738E+001  0.208926E+001  0.400000E+001  0.453093E-003
  0.159998E+001  0.209267E+001  0.400000E+001  0.452319E-003
  0.160259E+001  0.209609E+001  0.400000E+001  0.451548E-003
  0.160519E+001  0.209950E+001  0.400000E+001  0.450781E-003
  0.160779E+001  0.210291E+001  0.400000E+001  0.450015E-003
  0.161040E+001  0.210632E+001  0.300000E+001  0.449253E-003
  0.161300E+001  0.210973E+001  0.300000E+001  0.448493E-003
