  0.000000E+000  0.000000E+000  0.000000E+000  0.000000E+000
  0.135270E+001  0.214284E+001  0.400000E+001  0.116700E-002
  0.135530E+001  0.214661E+001  0.400000E+001  0.116394E-002
  0.135791E+001  0.215037E+001  0.400000E+001  0.116089E-002
  0.136051E+001  0.215413E+001  0.400000E+001  0.115786E-002
  0.136311E+001  0.215790E+001  0.400000E+001  0.115485E-002
  0.136571E+001  0.216165E+001  0.400000E+001  0.115185E-002
  0.136832E+001  0.216541E+001  0.400000E+001  0.114887E-002
  0.137092E+001  0.216916E+001  0.400000E+001  0.114590E-002
  0.137352E+001  0.217291E+001  0.400000E+001  0.114295E-002
  0.137613E+001  0.217666E+001  0.400000E+001  0.114001E-002
  0.137873E+001  0.218041E+001  0.400000E+001  0.113709E-002
  0.138133E+001  0.218415E+001  0.400000E+001  0.113419E-002
  0.138394E+001  0.218789E+001  0.400000E+001  0.113130E-002
  0.138654E+001  0.219163E+001  0.400000E+001  0.112842E-002
  0.138914E+001  0.219537E+001  0.400000E+001  0.112556E-002
  0.139174E+001  0.219910E+001  0.400000E+001  0.112272E-002
  0.139435E+001  0.220283E+001  0.400000E+001  0.111989E-002
  0.139695E+001  0.220656E+001  0.400000E+001  0.111707E-002
  0.139955E+001  0.221029E+001  0.400000E+001  0.111427E-002
  0.140216E+001  0.221401E+001  0.400000E+001  0.111148E-002
  0.140476E+001  0.221774E+001  0.400000E+001  0.110871E-002
  0.140736E+001  0.222146E+001  0.400000E+001  0.110595E-002
  0.140997E+001  0.222517E+001  0.400000E+001  0.110320E-002
  0.141257E+001  0.222889E+001  0.400000E+001  0.110047E-002
  0.141517E+001  0.223260E+001  0.400000E+001  0.109775E-002
  0.141777E+001  0.223631E+001  0.400000E+001  0.109505E-002
  0.142038E+001  0.224002E+001  0.400000E+001  0.109236E-002
  0.142298E+001  0.224373E+001  0.400000E+001  0.108968E-002
  0.142558E+001  0.224743E+001  0.400000E+001  0.108701E-002
  0.142819E+001  0.225113E+001  0.400000E+001  0.108436E-002
  0.143079E+001  0.225483E+001  0.400000E+001  0.108173E-002
  0.143339E+001  0.225853E+001  0.400000E+001  0.107910E-002
  0.143600E+001  0.226223E+001  0.400000E+001  0.107649E-002
  0.143860E+001  0.226592E+001  0.400000E+001  0.107389E-002
  0.144120E+001  0.226961E+001  0.400000E+001  0.107130E-002
  0.144380E+001  0.227330E+001  0.400000E+001  0.106873E-002
  0.144641E+001  0.227699E+001  0.400000E+001  0.106617E-002
  0.144901E+001  0.228067E+001  0.400000E+001  0.106362E-002
  0.145161E+001  0.228436E+001  0.400000E+001  0.106108E-002
  0.145422E+001  0.228804E+001  0.400000E+001  0.105856E-002
  0.145682E+001  0.229172E+001  0.400000E+001  0.105605E-002
  0.145942E+001  0.229539E+001  0.400000E+001  0.105355E-002
  0.146203E+001  0.229907E+001  0.400000E+001  0.105106E-002
  0.146463E+001  0.230274E+001  0.400000E+001  0.104858E-002
  0.146723E+001  0.230641E+001  0.400000E+001  0.104612E-002
  0.146983E+001  0.231008E+001  0.400000E+001  0.104366E-002
  0.147244E+001  0.231374E+001  0.400000E+001  0.104122E-002
  0.147504E+001  0.231741E+001  0.400000E+001  0.103879E-002
  0.147764E+001  0.232107E+001  0.400000E+001  0.103638E-002
  0.148025E+001  0.232473E+001  0.400000E+001  0.103397E-002
  0.148285E+001  0.232839E+001  0.400000E+001  0.103157E-002
  0.148545E+001  0.233205E+001  0.400000E+001  0.102919E-002
  0.148806E+001  0.233570E+001  0.400000E+001  0.102682E-002
  0.149066E+001  0.233936E+001  0.400000E+001  0.102446E-002
  0.149326E+001  0.234301E+001  0.400000E+001  0.102210E-002
  0.149586E+001  0.234666E+001  0.400000E+001  0.101976E-002
  0.149847E+001  0.235030E+001  0.400000E+001  0.101744E-002
  0.150107E+001  0.235395E+001  0.400000E+001  0.101512E-002
  0.150367E+001  0.235759E+001  0.400000E+001  0.101281E-002
  0.150628E+001  0.236123E+001  0.400000E+001  0.101051E-002
  0.150888E+001  0.236487E+001  0.400000E+001  0.100822E-002
  0.151148E+001  0.236851E+001  0.400000E+001  0.100595E-002
  0.151409E+001  0.237215E+001  0.400000E+001  0.100368E-002
  0.151669E+001  0.237578E+001  0.400000E+001  0.100143E-002
  0.151929E+001  0.237942E+001  0.400000E+001  0.999181E-003
  0.152189E+001  0.238305E+001  0.400000E+001  0.996945E-003
  0.152450E+001  0.238668E+001  0.400000E+001  0.994720E-003
  0.152710E+001  0.239030E+001  0.400000E+001  0.992504E-003
  0.152970E+001  0.239393E+001  0.400000E+001  0.990298E-003
  0.153231E+001  0.239755E+001  0.400000E+001  0.988103E-003
  0.153491E+001  0.240117E+001  0.400000E+001  0.985916E-003
  0.153751E+001  0.240479E+001  0.400000E+001  0.983740E-003
  0.154012E+001  0.240841E+001  0.400000E+001  0.981573E-003
  0.154272E+001  0.241203E+001  0.400000E+001  0.979416E-003
  0.154532E+001  0.241564E+001  0.400000E+001  0.977268E-003
  0.154792E+001  0.241926E+001  0.400000E+001  0.975130E-003
  0.155053E+001  0.242287E+001  0.400000E+001  0.973000E-003
  0.155313E+001  0.242648E+001  0.400000E+001  0.970880E-003
  0.155573E+001  0.243009E+001  0.400000E+001  0.968769E-003
  0.155834E+001  0.243369E+001  0.400000E+001  0.966667E-003
  0.156094E+001  0.243730E+001  0.400000E+001  0.964574E-003
  0.156354E+001  0.244090E+001  0.400000E+001  0.962490E-003
  0.156615E+001  0.244450E+001  0.400000E+001  0.960414E-003
  0.156875E+001  0.244810E+001  0.400000E+001  0.958347E-003
  0.157135E+001  0.245170E+001  0.400000E+001  0.956289E-003
  0.157395E+001  0.245530E+001  0.400000E+001  0.954238E-003
  0.157656E+001  0.245889E+001  0.400000E+001  0.952196E-003
  0.157916E+001  0.246249E+001  0.400000E+001  0.950161E-003
  0.158176E+001  0.246608E+001  0.400000E+001  0.948133E-003
  0.158437E+001  0.246967E+001  0.400000E+001  0.946112E-003
  0.158697E+001  0.247326E+001  0.400000E+001  0.944096E-003
  0.158957E+001  0.247685E+001  0.400000E+001  0.942085E-003
  0.159218E+001  0.248043E+001  0.400000E+001  0.940075E-003
  0.159478E+001  0.248402E+001  0.400000E+001  0.938062E-003
  0.159738E+001  0.248760E+001  0.400000E+001  0.936037E-003
  0.159998E+001  0.249118E+001  0.400000E+001  0.933982E-003
  0.160259E+001  0.249476E+001  0.400000E+001  0.931847E-003
  0.160519E+001  0.249834E+001  0.400000E+001  0.929470E-003
  0.160779E+001  0.250192E+001  0.400000E+001  0.926041E-003
