  0.000000E+000  0.000000E+000  0.000000E+000  0.000000E+000
  0.135270E+001  0.196141E+001  0.400000E+001  0.185815E-002
  0.135530E+001  0.196745E+001  0.400000E+001  0.185035E-002
  0.135791E+001  0.197346E+001  0.400000E+001  0.184261E-002
  0.136051E+001  0.197947E+001  0.400000E+001  0.183494E-002
  0.136311E+001  0.198546E+001  0.400000E+001  0.182733E-002
  0.136571E+001  0.199143E+001  0.400000E+001  0.181978E-002
  0.136832E+001  0.199740E+001  0.400000E+001  0.181229E-002
  0.137092E+001  0.200334E+001  0.400000E+001  0.180486E-002
  0.137352E+001  0.200928E+001  0.400000E+001  0.179749E-002
  0.137613E+001  0.201520E+001  0.400000E+001  0.179018E-002
  0.137873E+001  0.202111E+001  0.400000E+001  0.178293E-002
  0.138133E+001  0.202701E+001  0.400000E+001  0.177573E-002
  0.138394E+001  0.203289E+001  0.400000E+001  0.176859E-002
  0.138654E+001  0.203876E+001  0.400000E+001  0.176151E-002
  0.138914E+001  0.204462E+001  0.400000E+001  0.175448E-002
  0.139174E+001  0.205046E+001  0.400000E+001  0.174751E-002
  0.139435E+001  0.205629E+001  0.400000E+001  0.174059E-002
  0.139695E+001  0.206211E+001  0.400000E+001  0.173373E-002
  0.139955E+001  0.206792E+001  0.400000E+001  0.172692E-002
  0.140216E+001  0.207371E+001  0.400000E+001  0.172016E-002
  0.140476E+001  0.207949E+001  0.400000E+001  0.171346E-002
  0.140736E+001  0.208526E+001  0.400000E+001  0.170680E-002
  0.140997E+001  0.209102E+001  0.400000E+001  0.170020E-002
  0.141257E+001  0.209677E+001  0.400000E+001  0.169365E-002
  0.141517E+001  0.210250E+001  0.400000E+001  0.168714E-002
  0.141777E+001  0.210822E+001  0.400000E+001  0.168069E-002
  0.142038E+001  0.211393E+001  0.400000E+001  0.167429E-002
  0.142298E+001  0.211963E+001  0.400000E+001  0.166793E-002
  0.142558E+001  0.212532E+001  0.400000E+001  0.166162E-002
  0.142819E+001  0.213100E+001  0.400000E+001  0.165536E-002
  0.143079E+001  0.213666E+001  0.400000E+001  0.164915E-002
  0.143339E+001  0.214232E+001  0.400000E+001  0.164298E-002
  0.143600E+001  0.214796E+001  0.400000E+001  0.163686E-002
  0.143860E+001  0.215359E+001  0.400000E+001  0.163078E-002
  0.144120E+001  0.215922E+001  0.400000E+001  0.162475E-002
  0.144380E+001  0.216483E+001  0.400000E+001  0.161876E-002
  0.144641E+001  0.217043E+001  0.400000E+001  0.161281E-002
  0.144901E+001  0.217601E+001  0.400000E+001  0.160691E-002
  0.145161E+001  0.218159E+001  0.400000E+001  0.160105E-002
  0.145422E+001  0.218716E+001  0.400000E+001  0.159524E-002
  0.145682E+001  0.219272E+001  0.400000E+001  0.158946E-002
  0.145942E+001  0.219827E+001  0.400000E+001  0.158373E-002
  0.146203E+001  0.220380E+001  0.400000E+001  0.157804E-002
  0.146463E+001  0.220933E+001  0.400000E+001  0.157239E-002
  0.146723E+001  0.221485E+001  0.400000E+001  0.156678E-002
  0.146983E+001  0.222035E+001  0.400000E+001  0.156121E-002
  0.147244E+001  0.222585E+001  0.400000E+001  0.155567E-002
  0.147504E+001  0.223134E+001  0.400000E+001  0.155018E-002
  0.147764E+001  0.223682E+001  0.400000E+001  0.154473E-002
  0.148025E+001  0.224228E+001  0.400000E+001  0.153931E-002
  0.148285E+001  0.224774E+001  0.400000E+001  0.153393E-002
  0.148545E+001  0.225319E+001  0.400000E+001  0.152859E-002
  0.148806E+001  0.225863E+001  0.400000E+001  0.152329E-002
  0.149066E+001  0.226406E+001  0.400000E+001  0.151802E-002
  0.149326E+001  0.226948E+001  0.400000E+001  0.151279E-002
  0.149586E+001  0.227489E+001  0.400000E+001  0.150759E-002
  0.149847E+001  0.228029E+001  0.400000E+001  0.150243E-002
  0.150107E+001  0.228568E+001  0.400000E+001  0.149731E-002
  0.150367E+001  0.229107E+001  0.400000E+001  0.149222E-002
  0.150628E+001  0.229644E+001  0.400000E+001  0.148716E-002
  0.150888E+001  0.230180E+001  0.400000E+001  0.148214E-002
  0.151148E+001  0.230716E+001  0.400000E+001  0.147715E-002
  0.151409E+001  0.231251E+001  0.400000E+001  0.147220E-002
  0.151669E+001  0.231785E+001  0.400000E+001  0.146728E-002
  0.151929E+001  0.232318E+001  0.400000E+001  0.146239E-002
  0.152189E+001  0.232850E+001  0.400000E+001  0.145753E-002
  0.152450E+001  0.233381E+001  0.400000E+001  0.145271E-002
  0.152710E+001  0.233911E+001  0.400000E+001  0.144791E-002
  0.152970E+001  0.234441E+001  0.400000E+001  0.144315E-002
  0.153231E+001  0.234969E+001  0.400000E+001  0.143842E-002
  0.153491E+001  0.235497E+001  0.400000E+001  0.143372E-002
  0.153751E+001  0.236024E+001  0.400000E+001  0.142905E-002
  0.154012E+001  0.236550E+001  0.400000E+001  0.142441E-002
  0.154272E+001  0.237076E+001  0.400000E+001  0.141980E-002
  0.154532E+001  0.237600E+001  0.400000E+001  0.141522E-002
  0.154792E+001  0.238124E+001  0.400000E+001  0.141067E-002
  0.155053E+001  0.238647E+001  0.400000E+001  0.140615E-002
  0.155313E+001  0.239169E+001  0.400000E+001  0.140166E-002
  0.155573E+001  0.239690E+001  0.400000E+001  0.139719E-002
  0.155834E+001  0.240211E+001  0.400000E+001  0.139276E-002
  0.156094E+001  0.240731E+001  0.400000E+001  0.138835E-002
  0.156354E+001  0.241250E+001  0.400000E+001  0.138397E-002
  0.156615E+001  0.241768E+001  0.400000E+001  0.137961E-002
  0.156875E+001  0.242285E+001  0.400000E+001  0.137529E-002
  0.157135E+001  0.242802E+001  0.400000E+001  0.137099E-002
  0.157395E+001  0.243318E+001  0.400000E+001  0.136671E-002
  0.157656E+001  0.243833E+001  0.400000E+001  0.136246E-002
  0.157916E+001  0.244347E+001  0.400000E+001  0.135824E-002
  0.158176E+001  0.244861E+001  0.400000E+001  0.135404E-002
  0.158437E+001  0.245374E+001  0.400000E+001  0.134987E-002
  0.158697E+001  0.245886E+001  0.400000E+001  0.134572E-002
  0.158957E+001  0.246397E+001  0.400000E+001  0.134159E-002
  0.159218E+001  0.246908E+001  0.400000E+001  0.133748E-002
  0.159478E+001  0.247418E+001  0.400000E+001  0.133339E-002
  0.159738E+001  0.247927E+001  0.400000E+001  0.132931E-002
  0.159998E+001  0.248435E+001  0.400000E+001  0.132523E-002
  0.160259E+001  0.248943E+001  0.400000E+001  0.132110E-002
  0.160519E+001  0.249450E+001  0.400000E+001  0.131683E-002
  0.160779E+001  0.249957E+001  0.400000E+001  0.131183E-002
  0.161040E+001  0.250462E+001  0.300000E+001  0.129707E-002
  0.161300E+001  0.250967E+001  0.300000E+001  0.128018E-002
